1
3
396
14.1698 15.2498 0
11.6419 17.0337 0
11.734 13.4708 0
14.1698 15.2498 0.2
11.6419 17.0337 0.2
11.734 13.4708 0.2
-11.6419 17.0337 0
-14.1698 15.2498 0
-11.734 13.4708 0
-11.6419 17.0337 0.2
-14.1698 15.2498 0.2
-11.734 13.4708 0.2
15.4794 13.4531 0
15.4794 13.4531 0.2
-15.4794 13.4531 0
-15.4794 13.4531 0.2
17.1426 9.83597 0
16.5301 11.6371 0
13.711 11.0431 0
17.1426 9.83597 0.2
16.5301 11.6371 0.2
13.711 11.0431 0.2
-16.5301 11.6371 0
-17.1426 9.83597 0
-13.711 11.0431 0
-16.5301 11.6371 0.2
-17.1426 9.83597 0.2
-13.711 11.0431 0.2
17.326 8.05241 0
14.143 6.11167 0
17.3363 6.77934 0
17.326 8.05241 0.2
14.143 6.11167 0.2
17.3363 6.77934 0.2
-17.3363 6.77934 0
-14.143 6.11167 0
-17.326 8.05241 0
-17.3363 6.77934 0.2
-14.143 6.11167 0.2
-17.326 8.05241 0.2
13.5941 3.41836 0
17.0883 4.44514 0
13.5941 3.41836 0.2
17.0883 4.44514 0.2
-17.0883 4.44514 0
-13.5941 3.41836 0
-17.0883 4.44514 0.2
-13.5941 3.41836 0.2
12.8903 0.632556 0
16.5006 2.57872 0
12.8903 0.632556 0.2
16.5006 2.57872 0.2
-16.5006 2.57872 0
-12.8903 0.632556 0
-16.5006 2.57872 0.2
-12.8903 0.632556 0.2
15.9129 0.784278 0
15.9129 0.784278 0.2
-15.9129 0.784278 0
-15.9129 0.784278 0.2
10.8784 -2.44566 0
15.0178 -0.938196 0
10.8784 -2.44566 0.2
15.0178 -0.938196 0.2
-15.0178 -0.938196 0
-10.8784 -2.44566 0
-15.0178 -0.938196 0.2
-10.8784 -2.44566 0.2
13.946 -2.75436 0
13.946 -2.75436 0.2
-13.946 -2.75436 0
-13.946 -2.75436 0.2
8.8112 -5.13437 0
12.8551 -4.73713 0
8.8112 -5.13437 0.2
12.8551 -4.73713 0.2
-12.8551 -4.73713 0
-8.8112 -5.13437 0
-12.8551 -4.73713 0.2
-8.8112 -5.13437 0.2
11.9412 -6.45113 0
11.9412 -6.45113 0.2
-11.9412 -6.45113 0
-11.9412 -6.45113 0.2
9.43778 -10.4042 0
12.1868 -11.7215 0
11.7647 -9.90716 0
9.43778 -10.4042 0.2
12.1868 -11.7215 0.2
11.7647 -9.90716 0.2
-11.7647 -9.90716 0
-12.1868 -11.7215 0
-9.43778 -10.4042 0
-11.7647 -9.90716 0.2
-12.1868 -11.7215 0.2
-9.43778 -10.4042 0.2
12.5978 -13.5296 0
9.69332 -12.448 0
12.5978 -13.5296 0.2
9.69332 -12.448 0.2
-12.5978 -13.5296 0
-9.69332 -12.448 0
-12.5978 -13.5296 0.2
-9.69332 -12.448 0.2
12.9307 -15.3422 0
9.75308 -14.1101 0
12.9307 -15.3422 0.2
9.75308 -14.1101 0.2
-12.9307 -15.3422 0
-9.75308 -14.1101 0
-12.9307 -15.3422 0.2
-9.75308 -14.1101 0.2
12.7481 -17.1404 0
9.37841 -15.9298 0
12.7481 -17.1404 0.2
9.37841 -15.9298 0.2
-12.7481 -17.1404 0
-9.37841 -15.9298 0
-12.7481 -17.1404 0.2
-9.37841 -15.9298 0.2
11.1229 -20.7369 0
12.2505 -18.9529 0
10.0954 -18.5456 0
11.1229 -20.7369 0.2
12.2505 -18.9529 0.2
10.0954 -18.5456 0.2
-12.2505 -18.9529 0
-11.1229 -20.7369 0
-10.0954 -18.5456 0
-12.2505 -18.9529 0.2
-11.1229 -20.7369 0.2
-10.0954 -18.5456 0.2
9.06827 13.4911 0
10.6101 10.9934 0
9.06827 13.4911 0.2
10.6101 10.9934 0.2
-10.6101 10.9934 0
-9.06827 13.4911 0
-10.6101 10.9934 0.2
-9.06827 13.4911 0.2
9.31498 0.47241 0
9.31498 0.47241 0.2
-9.31498 0.47241 0
-9.31498 0.47241 0.2
2.95277 -12.9632 0
1.11184 -14.026 0
3.44543 -14.9786 0
2.95277 -12.9632 0.2
1.11184 -14.026 0.2
3.44543 -14.9786 0.2
-3.44543 -14.9786 0
-1.11184 -14.026 0
-2.95277 -12.9632 0
-3.44543 -14.9786 0.2
-1.11184 -14.026 0.2
-2.95277 -12.9632 0.2
8.72869 -20.6114 0
9.32596 -22.5221 0
8.72869 -20.6114 0.2
9.32596 -22.5221 0.2
-8.72869 -20.6114 0
-9.32596 -22.5221 0
-8.72869 -20.6114 0.2
-9.32596 -22.5221 0.2
9.21782 15.427 0
9.21782 15.427 0.2
-9.21782 15.427 0
-9.21782 15.427 0.2
8.95158 17.885 0
8.95158 17.885 0.2
-8.95158 17.885 0
-8.95158 17.885 0.2
1.11182 -6.09271 0
3.2519 -4.60271 0
1.11764 -2.97866 0
1.11182 -6.09271 0.2
3.2519 -4.60271 0.2
1.11764 -2.97866 0.2
-1.11764 -2.97866 0
-3.2519 -4.60271 0
-1.11182 -6.09271 0
-1.11764 -2.97866 0.2
-3.2519 -4.60271 0.2
-1.11182 -6.09271 0.2
2.95277 -7.15558 0
5.49905 -5.29535 0
2.95277 -7.15558 0.2
5.49905 -5.29535 0.2
-5.49905 -5.29535 0
-2.95277 -7.15558 0
-5.49905 -5.29535 0.2
-2.95277 -7.15558 0.2
6.14632 -7.67092 0
4.01564 -8.99651 0
6.14632 -7.67092 0.2
4.01564 -8.99651 0.2
-4.01564 -8.99651 0
-6.14632 -7.67092 0
-4.01564 -8.99651 0.2
-6.14632 -7.67092 0.2
6.31984 13.4981 0
6.31984 13.4981 0.2
-6.31984 13.4981 0
-6.31984 13.4981 0.2
0 13.3559 0
0 10.5211 0
3.06859 13.4349 0
0 13.3559 0.2
0 10.5211 0.2
3.06859 13.4349 0.2
-3.06859 13.4349 0
-3.06859 13.4349 0.2
3.5791 10.653 0
3.5791 10.653 0.2
-3.5791 10.653 0
-3.5791 10.653 0.2
7.07733 10.7139 0
7.07733 10.7139 0.2
-7.07733 10.7139 0
-7.07733 10.7139 0.2
0 5.42464 0
0 2.77762 0
3.62083 5.60002 0
0 5.42464 0.2
0 2.77762 0.2
3.62083 5.60002 0.2
-3.62083 5.60002 0
-3.62083 5.60002 0.2
3.38908 2.94062 0
3.38908 2.94062 0.2
-3.38908 2.94062 0
-3.38908 2.94062 0.2
7.15414 5.70906 0
7.15414 5.70906 0.2
-7.15414 5.70906 0
-7.15414 5.70906 0.2
6.76712 3.00413 0
6.76712 3.00413 0.2
-6.76712 3.00413 0
-6.76712 3.00413 0.2
10.5333 5.79451 0
10.5333 5.79451 0.2
-10.5333 5.79451 0
-10.5333 5.79451 0.2
10.0251 3.04074 0
10.0251 3.04074 0.2
-10.0251 3.04074 0
-10.0251 3.04074 0.2
5.90629 0.16902 0
5.90629 0.16902 0.2
-5.90629 0.16902 0
-5.90629 0.16902 0.2
2.94892 0.149814 0
2.94892 0.149814 0.2
-2.94892 0.149814 0
-2.94892 0.149814 0.2
0 0.13059 0
0 0.13059 0.2
7.30539 -17.1442 0
6.51748 -14.982 0
7.30539 -17.1442 0.2
6.51748 -14.982 0.2
-6.51748 -14.982 0
-7.30539 -17.1442 0
-6.51748 -14.982 0.2
-7.30539 -17.1442 0.2
4.23335 -17.0676 0
4.23335 -17.0676 0.2
-4.23335 -17.0676 0
-4.23335 -17.0676 0.2
5.02126 -19.1565 0
5.02126 -19.1565 0.2
-5.02126 -19.1565 0
-5.02126 -19.1565 0.2
2.50517 -19.166 0
0 -19.1756 0
2.00813 -21.6452 0
2.50517 -19.166 0.2
0 -19.1756 0.2
2.00813 -21.6452 0.2
-2.00813 -21.6452 0
-2.50517 -19.166 0
-2.00813 -21.6452 0.2
-2.50517 -19.166 0.2
4.52423 -21.6356 0
4.52423 -21.6356 0.2
-4.52423 -21.6356 0
-4.52423 -21.6356 0.2
4.02719 -24.1146 0
4.02719 -24.1146 0.2
-4.02719 -24.1146 0
-4.02719 -24.1146 0.2
0 -21.7512 0
2.00938 -24.2206 0
0 -21.7512 0.2
2.00938 -24.2206 0.2
-2.00938 -24.2206 0
-2.00938 -24.2206 0.2
0 -24.3266 0
0 -24.3266 0.2
0 -17.0863 0
2.11687 -17.0769 0
0 -17.0863 0.2
2.11687 -17.0769 0.2
-2.11687 -17.0769 0
-2.11687 -17.0769 0.2
7.7126 -23.454 0
6.7756 -21.1608 0
7.7126 -23.454 0.2
6.7756 -21.1608 0.2
-6.7756 -21.1608 0
-7.7126 -23.454 0
-6.7756 -21.1608 0.2
-7.7126 -23.454 0.2
7.28203 -18.851 0
7.28203 -18.851 0.2
-7.28203 -18.851 0
-7.28203 -18.851 0.2
6.3599 -13.0023 0
6.3599 -13.0023 0.2
-6.3599 -13.0023 0
-6.3599 -13.0023 0.2
6.54241 -10.2409 0
6.54241 -10.2409 0.2
-6.54241 -10.2409 0
-6.54241 -10.2409 0.2
4.01564 -11.1222 0
4.01564 -11.1222 0.2
-4.01564 -11.1222 0
-4.01564 -11.1222 0.2
9.12449 -7.76927 0
9.12449 -7.76927 0.2
-9.12449 -7.76927 0
-9.12449 -7.76927 0.2
11.6155 -8.13596 0
11.6155 -8.13596 0.2
-11.6155 -8.13596 0
-11.6155 -8.13596 0.2
13.927 8.57736 0
13.927 8.57736 0.2
-13.927 8.57736 0
-13.927 8.57736 0.2
0 7.90884 0
0 7.90884 0.2
3.48271 8.07597 0
3.48271 8.07597 0.2
-3.48271 8.07597 0
-3.48271 8.07597 0.2
6.96415 8.2431 0
6.96415 8.2431 0.2
-6.96415 8.2431 0
-6.96415 8.2431 0.2
10.4456 8.41023 0
10.4456 8.41023 0.2
-10.4456 8.41023 0
-10.4456 8.41023 0.2
4.05065 -2.80098 0
4.05065 -2.80098 0.2
-4.05065 -2.80098 0
-4.05065 -2.80098 0.2
6.98366 -2.62332 0
6.98366 -2.62332 0.2
-6.98366 -2.62332 0
-6.98366 -2.62332 0.2
2.32745 16.0984 0
0 16.061 0
2.32745 16.0984 0.2
0 16.061 0.2
-2.32745 16.0984 0
-2.32745 16.0984 0.2
2.27376 18.7472 0
2.27376 18.7472 0.2
-2.27376 18.7472 0
-2.27376 18.7472 0.2
0 18.7983 0
0 18.7983 0.2
4.51757 18.5981 0
4.63684 16.0618 0
4.51757 18.5981 0.2
4.63684 16.0618 0.2
-4.63684 16.0618 0
-4.51757 18.5981 0
-4.63684 16.0618 0.2
-4.51757 18.5981 0.2
6.78352 18.315 0
6.78352 18.315 0.2
-6.78352 18.315 0
-6.78352 18.315 0.2
6.71625 15.871 0
6.71625 15.871 0.2
-6.71625 15.871 0
-6.71625 15.871 0.2
5.86413 -23.8781 0
5.86413 -23.8781 0.2
-5.86413 -23.8781 0
-5.86413 -23.8781 0.2
1
0 0 1
1 1 1
2 2 2.76626e+07
2 5 -2.54447e+07
2 18 3.95106e+06
2 21 -4.22896e+06
2 132 2.52702e+06
2 133 3.31757e+06
2 134 -3.12114e+06
2 135 -3.64181e+06
2 164 3.27729e+06
2 165 -3.54842e+06
3 3 1
4 4 1
5 2 -2.54447e+07
5 5 2.76626e+07
5 18 -4.22896e+06
5 21 3.95106e+06
5 132 -3.12114e+06
5 133 -3.64181e+06
5 134 2.52702e+06
5 135 3.31757e+06
5 164 -3.54842e+06
5 165 3.27729e+06
6 6 1
7 7 1
8 8 2.76626e+07
8 11 -2.54447e+07
8 24 3.95106e+06
8 27 -4.22896e+06
8 136 3.31757e+06
8 137 2.52702e+06
8 138 -3.64181e+06
8 139 -3.12114e+06
8 166 3.27729e+06
8 167 -3.54842e+06
9 9 1
10 10 1
11 8 -2.54447e+07
11 11 2.76626e+07
11 24 -4.22896e+06
11 27 3.95106e+06
11 136 -3.64181e+06
11 137 -3.12114e+06
11 138 3.31757e+06
11 139 2.52702e+06
11 166 -3.54842e+06
11 167 3.27729e+06
12 12 1
13 13 1
14 14 1
15 15 1
16 16 1
17 17 1
18 2 3.95106e+06
18 5 -4.22896e+06
18 18 2.76453e+07
18 21 -2.5367e+07
18 133 3.4693e+06
18 135 -4.07724e+06
18 338 3.79764e+06
18 339 -4.35642e+06
18 352 4.13448e+06
18 353 -4.11418e+06
19 19 1
20 20 1
21 2 -4.22896e+06
21 5 3.95106e+06
21 18 -2.5367e+07
21 21 2.76453e+07
21 133 -4.07724e+06
21 135 3.4693e+06
21 338 -4.35642e+06
21 339 3.79764e+06
21 352 -4.11418e+06
21 353 4.13448e+06
22 22 1
23 23 1
24 8 3.95106e+06
24 11 -4.22896e+06
24 24 2.76453e+07
24 27 -2.5367e+07
24 136 3.4693e+06
24 138 -4.07724e+06
24 340 3.79764e+06
24 341 -4.35642e+06
24 354 4.13448e+06
24 355 -4.11418e+06
25 25 1
26 26 1
27 8 -4.22896e+06
27 11 3.95106e+06
27 24 -2.5367e+07
27 27 2.76453e+07
27 136 -4.07724e+06
27 138 3.4693e+06
27 340 -4.35642e+06
27 341 3.79764e+06
27 354 -4.11418e+06
27 355 4.13448e+06
28 28 1
29 29 2.97061e+07
29 32 -2.72642e+07
29 40 4.12589e+06
29 42 -4.72462e+06
29 240 4.19028e+06
29 241 -4.87671e+06
29 244 4.86971e+06
29 245 -4.69919e+06
29 338 3.86977e+06
29 339 -4.47491e+06
30 30 1
31 31 1
32 29 -2.72642e+07
32 32 2.97061e+07
32 40 -4.72462e+06
32 42 4.12589e+06
32 240 -4.87671e+06
32 241 4.19028e+06
32 244 -4.69919e+06
32 245 4.86971e+06
32 338 -4.47491e+06
32 339 3.86977e+06
33 33 1
34 34 1
35 35 2.97061e+07
35 38 -2.72642e+07
35 45 4.12589e+06
35 47 -4.72462e+06
35 242 4.19028e+06
35 243 -4.87671e+06
35 246 4.86971e+06
35 247 -4.69919e+06
35 340 3.86977e+06
35 341 -4.47491e+06
36 36 1
37 37 1
38 35 -2.72642e+07
38 38 2.97061e+07
38 45 -4.72462e+06
38 47 4.12589e+06
38 242 -4.87671e+06
38 243 4.19028e+06
38 246 -4.69919e+06
38 247 4.86971e+06
38 340 -4.47491e+06
38 341 3.86977e+06
39 39 1
40 29 4.12589e+06
40 32 -4.72462e+06
40 40 2.72882e+07
40 42 -2.47362e+07
40 48 4.2094e+06
40 50 -4.7881e+06
40 140 4.77159e+06
40 141 -4.5852e+06
40 244 3.98427e+06
40 245 -4.81431e+06
41 41 1
42 29 -4.72462e+06
42 32 4.12589e+06
42 40 -2.47362e+07
42 42 2.72882e+07
42 48 -4.7881e+06
42 50 4.2094e+06
42 140 -4.5852e+06
42 141 4.77159e+06
42 244 -4.81431e+06
42 245 3.98427e+06
43 43 1
44 44 1
45 35 4.12589e+06
45 38 -4.72462e+06
45 45 2.72882e+07
45 47 -2.47362e+07
45 53 4.2094e+06
45 55 -4.7881e+06
45 142 4.77159e+06
45 143 -4.5852e+06
45 246 3.98427e+06
45 247 -4.81431e+06
46 46 1
47 35 -4.72462e+06
47 38 4.12589e+06
47 45 -2.47362e+07
47 47 2.72882e+07
47 53 -4.7881e+06
47 55 4.2094e+06
47 142 -4.5852e+06
47 143 4.77159e+06
47 246 -4.81431e+06
47 247 3.98427e+06
48 40 4.2094e+06
48 42 -4.7881e+06
48 48 2.60888e+07
48 50 -2.36469e+07
48 60 4.9135e+06
48 62 -5.12668e+06
48 140 4.63895e+06
48 141 -5.31543e+06
49 49 1
50 40 -4.7881e+06
50 42 4.2094e+06
50 48 -2.36469e+07
50 50 2.60888e+07
50 60 -5.12668e+06
50 62 4.9135e+06
50 140 -5.31543e+06
50 141 4.63895e+06
51 51 1
52 52 1
53 45 4.2094e+06
53 47 -4.7881e+06
53 53 2.60888e+07
53 55 -2.36469e+07
53 65 4.9135e+06
53 67 -5.12668e+06
53 142 4.63895e+06
53 143 -5.31543e+06
54 54 1
55 45 -4.7881e+06
55 47 4.2094e+06
55 53 -2.36469e+07
55 55 2.60888e+07
55 65 -5.12668e+06
55 67 4.9135e+06
55 142 -5.31543e+06
55 143 4.63895e+06
56 56 1
57 57 1
58 58 1
59 59 1
60 48 4.9135e+06
60 50 -5.12668e+06
60 60 3.34482e+07
60 62 -3.12573e+07
60 72 4.80326e+06
60 74 -5.09397e+06
60 140 5.28716e+06
60 141 -5.65898e+06
60 360 5.10936e+06
60 361 -5.5326e+06
61 61 1
62 48 -5.12668e+06
62 50 4.9135e+06
62 60 -3.12573e+07
62 62 3.34482e+07
62 72 -5.09397e+06
62 74 4.80326e+06
62 140 -5.65898e+06
62 141 5.28716e+06
62 360 -5.5326e+06
62 361 5.10936e+06
63 63 1
64 64 1
65 53 4.9135e+06
65 55 -5.12668e+06
65 65 3.34482e+07
65 67 -3.12573e+07
65 77 4.80326e+06
65 79 -5.09397e+06
65 142 5.28716e+06
65 143 -5.65898e+06
65 362 5.10936e+06
65 363 -5.5326e+06
66 66 1
67 53 -5.12668e+06
67 55 4.9135e+06
67 65 -3.12573e+07
67 67 3.34482e+07
67 77 -5.09397e+06
67 79 4.80326e+06
67 142 -5.65898e+06
67 143 5.28716e+06
67 362 -5.5326e+06
67 363 5.10936e+06
68 68 1
69 69 1
70 70 1
71 71 1
72 60 4.80326e+06
72 62 -5.09397e+06
72 72 3.06531e+07
72 74 -2.85243e+07
72 185 3.78094e+06
72 187 -4.27655e+06
72 192 3.85874e+06
72 194 -3.94208e+06
72 330 3.61995e+06
72 331 -4.01029e+06
72 360 4.40411e+06
72 361 -4.75784e+06
73 73 1
74 60 -5.09397e+06
74 62 4.80326e+06
74 72 -2.85243e+07
74 74 3.06531e+07
74 185 -4.27655e+06
74 187 3.78094e+06
74 192 -3.94208e+06
74 194 3.85874e+06
74 330 -4.01029e+06
74 331 3.61995e+06
74 360 -4.75784e+06
74 361 4.40411e+06
75 75 1
76 76 1
77 65 4.80326e+06
77 67 -5.09397e+06
77 77 3.06531e+07
77 79 -2.85243e+07
77 188 3.78094e+06
77 190 -4.27655e+06
77 197 3.85874e+06
77 199 -3.94208e+06
77 332 3.61995e+06
77 333 -4.01029e+06
77 362 4.40411e+06
77 363 -4.75784e+06
78 78 1
79 65 -5.09397e+06
79 67 4.80326e+06
79 77 -2.85243e+07
79 79 3.06531e+07
79 188 -4.27655e+06
79 190 3.78094e+06
79 197 -3.94208e+06
79 199 3.85874e+06
79 332 -4.01029e+06
79 333 3.61995e+06
79 362 -4.75784e+06
79 363 4.40411e+06
80 80 1
81 81 1
82 82 1
83 83 1
84 84 1.6215e+07
84 87 -1.3799e+07
84 97 2.36133e+06
84 99 -2.96866e+06
84 322 2.89418e+06
84 323 -3.55606e+06
84 330 3.1958e+06
84 331 -3.55801e+06
85 85 1
86 86 1
87 84 -1.3799e+07
87 87 1.6215e+07
87 97 -2.96866e+06
87 99 2.36133e+06
87 322 -3.55606e+06
87 323 2.89418e+06
87 330 -3.55801e+06
87 331 3.1958e+06
88 88 1
89 89 1
90 90 1
91 91 1
92 92 1.6215e+07
92 95 -1.3799e+07
92 101 2.36133e+06
92 103 -2.96866e+06
92 324 2.89418e+06
92 325 -3.55606e+06
92 332 3.1958e+06
92 333 -3.55801e+06
93 93 1
94 94 1
95 92 -1.3799e+07
95 95 1.6215e+07
95 101 -2.96866e+06
95 103 2.36133e+06
95 324 -3.55606e+06
95 325 2.89418e+06
95 332 -3.55801e+06
95 333 3.1958e+06
96 96 1
97 84 2.36133e+06
97 87 -2.96866e+06
97 97 1.91509e+07
97 99 -1.67568e+07
97 105 2.0503e+06
97 107 -2.81867e+06
97 318 3.37454e+06
97 319 -3.7708e+06
97 322 3.69289e+06
97 323 -3.72412e+06
98 98 1
99 84 -2.96866e+06
99 87 2.36133e+06
99 97 -1.67568e+07
99 99 1.91509e+07
99 105 -2.81867e+06
99 107 2.0503e+06
99 318 -3.7708e+06
99 319 3.37454e+06
99 322 -3.72412e+06
99 323 3.69289e+06
100 100 1
101 92 2.36133e+06
101 95 -2.96866e+06
101 101 1.91509e+07
101 103 -1.67568e+07
101 109 2.0503e+06
101 111 -2.81867e+06
101 320 3.37454e+06
101 321 -3.7708e+06
101 324 3.69289e+06
101 325 -3.72412e+06
102 102 1
103 92 -2.96866e+06
103 95 2.36133e+06
103 101 -1.67568e+07
103 103 1.91509e+07
103 109 -2.81867e+06
103 111 2.0503e+06
103 320 -3.7708e+06
103 321 3.37454e+06
103 324 -3.72412e+06
103 325 3.69289e+06
104 104 1
105 97 2.0503e+06
105 99 -2.81867e+06
105 105 1.84561e+07
105 107 -1.60846e+07
105 113 2.46528e+06
105 115 -3.15742e+06
105 259 2.84464e+06
105 261 -3.07885e+06
105 318 2.9061e+06
105 319 -3.05267e+06
106 106 1
107 97 -2.81867e+06
107 99 2.0503e+06
107 105 -1.60846e+07
107 107 1.84561e+07
107 113 -3.15742e+06
107 115 2.46528e+06
107 259 -3.07885e+06
107 261 2.84464e+06
107 318 -3.05267e+06
107 319 2.9061e+06
108 108 1
109 101 2.0503e+06
109 103 -2.81867e+06
109 109 1.84561e+07
109 111 -1.60846e+07
109 117 2.46528e+06
109 119 -3.15742e+06
109 262 2.84464e+06
109 264 -3.07885e+06
109 320 2.9061e+06
109 321 -3.05267e+06
110 110 1
111 101 -2.81867e+06
111 103 2.0503e+06
111 109 -1.60846e+07
111 111 1.84561e+07
111 117 -3.15742e+06
111 119 2.46528e+06
111 262 -3.07885e+06
111 264 2.84464e+06
111 320 -3.05267e+06
111 321 2.9061e+06
112 112 1
113 105 2.46528e+06
113 107 -3.15742e+06
113 113 2.02264e+07
113 115 -1.79742e+07
113 122 3.34684e+06
113 125 -3.62193e+06
113 258 2.53903e+06
113 259 2.53374e+06
113 260 -3.09356e+06
113 261 -2.82396e+06
114 114 1
115 105 -3.15742e+06
115 107 2.46528e+06
115 113 -1.79742e+07
115 115 2.02264e+07
115 122 -3.62193e+06
115 125 3.34684e+06
115 258 -3.09356e+06
115 259 -2.82396e+06
115 260 2.53903e+06
115 261 2.53374e+06
116 116 1
117 109 2.46528e+06
117 111 -3.15742e+06
117 117 2.02264e+07
117 119 -1.79742e+07
117 128 3.34684e+06
117 131 -3.62193e+06
117 262 2.53374e+06
117 263 2.53903e+06
117 264 -2.82396e+06
117 265 -3.09356e+06
118 118 1
119 109 -3.15742e+06
119 111 2.46528e+06
119 117 -1.79742e+07
119 119 2.02264e+07
119 128 -3.62193e+06
119 131 3.34684e+06
119 262 -2.82396e+06
119 263 -3.09356e+06
119 264 2.53374e+06
119 265 2.53903e+06
120 120 1
121 121 1
122 113 3.34684e+06
122 115 -3.62193e+06
122 122 2.02744e+07
122 125 -1.8095e+07
122 156 2.42911e+06
122 158 -2.69469e+06
122 258 2.61844e+06
122 260 -2.8142e+06
122 314 2.26968e+06
122 315 -2.65437e+06
123 123 1
124 124 1
125 113 -3.62193e+06
125 115 3.34684e+06
125 122 -1.8095e+07
125 125 2.02744e+07
125 156 -2.69469e+06
125 158 2.42911e+06
125 258 -2.8142e+06
125 260 2.61844e+06
125 314 -2.65437e+06
125 315 2.26968e+06
126 126 1
127 127 1
128 117 3.34684e+06
128 119 -3.62193e+06
128 128 2.02744e+07
128 131 -1.8095e+07
128 160 2.42911e+06
128 162 -2.69469e+06
128 263 2.61844e+06
128 265 -2.8142e+06
128 316 2.26968e+06
128 317 -2.65437e+06
129 129 1
130 130 1
131 117 -3.62193e+06
131 119 3.34684e+06
131 128 -1.8095e+07
131 131 2.02744e+07
131 160 -2.69469e+06
131 162 2.42911e+06
131 263 -2.8142e+06
131 265 2.61844e+06
131 316 -2.65437e+06
131 317 2.26968e+06
132 2 2.52702e+06
132 5 -3.12114e+06
132 132 1.8452e+07
132 133 3.73106e+06
132 134 -1.60719e+07
132 135 -4.04054e+06
132 164 2.1694e+06
132 165 -2.81449e+06
132 200 2.77328e+06
132 201 -3.43606e+06
132 216 4.07778e+06
132 217 -4.24644e+06
133 2 3.31757e+06
133 5 -3.64181e+06
133 18 3.4693e+06
133 21 -4.07724e+06
133 132 3.73106e+06
133 133 2.59548e+07
133 134 -4.04054e+06
133 135 -2.35951e+07
133 216 4.08338e+06
133 217 -4.63418e+06
133 348 4.42993e+06
133 349 -4.35333e+06
133 352 3.77726e+06
133 353 -4.42116e+06
134 2 -3.12114e+06
134 5 2.52702e+06
134 132 -1.60719e+07
134 133 -4.04054e+06
134 134 1.8452e+07
134 135 3.73106e+06
134 164 -2.81449e+06
134 165 2.1694e+06
134 200 -3.43606e+06
134 201 2.77328e+06
134 216 -4.24644e+06
134 217 4.07778e+06
135 2 -3.64181e+06
135 5 3.31757e+06
135 18 -4.07724e+06
135 21 3.4693e+06
135 132 -4.04054e+06
135 133 -2.35951e+07
135 134 3.73106e+06
135 135 2.59548e+07
135 216 -4.63418e+06
135 217 4.08338e+06
135 348 -4.35333e+06
135 349 4.42993e+06
135 352 -4.42116e+06
135 353 3.77726e+06
136 8 3.31757e+06
136 11 -3.64181e+06
136 24 3.4693e+06
136 27 -4.07724e+06
136 136 2.59548e+07
136 137 3.73106e+06
136 138 -2.35951e+07
136 139 -4.04054e+06
136 218 4.08338e+06
136 219 -4.63418e+06
136 350 4.42993e+06
136 351 -4.35333e+06
136 354 3.77726e+06
136 355 -4.42116e+06
137 8 2.52702e+06
137 11 -3.12114e+06
137 136 3.73106e+06
137 137 1.8452e+07
137 138 -4.04054e+06
137 139 -1.60719e+07
137 166 2.1694e+06
137 167 -2.81449e+06
137 202 2.77328e+06
137 203 -3.43606e+06
137 218 4.07778e+06
137 219 -4.24644e+06
138 8 -3.64181e+06
138 11 3.31757e+06
138 24 -4.07724e+06
138 27 3.4693e+06
138 136 -2.35951e+07
138 137 -4.04054e+06
138 138 2.59548e+07
138 139 3.73106e+06
138 218 -4.63418e+06
138 219 4.08338e+06
138 350 -4.35333e+06
138 351 4.42993e+06
138 354 -4.42116e+06
138 355 3.77726e+06
139 8 -3.12114e+06
139 11 2.52702e+06
139 136 -4.04054e+06
139 137 -1.60719e+07
139 138 3.73106e+06
139 139 1.8452e+07
139 166 -2.81449e+06
139 167 2.1694e+06
139 202 -3.43606e+06
139 203 2.77328e+06
139 218 -4.24644e+06
139 219 4.07778e+06
140 40 4.77159e+06
140 42 -4.5852e+06
140 48 4.63895e+06
140 50 -5.31543e+06
140 60 5.28716e+06
140 62 -5.65898e+06
140 140 3.12142e+07
140 141 -2.86133e+07
140 244 3.74679e+06
140 245 -4.61109e+06
140 248 4.077e+06
140 249 -4.79816e+06
140 360 5.22486e+06
140 361 -5.37838e+06
141 40 -4.5852e+06
141 42 4.77159e+06
141 48 -5.31543e+06
141 50 4.63895e+06
141 60 -5.65898e+06
141 62 5.28716e+06
141 140 -2.86133e+07
141 141 3.12142e+07
141 244 -4.61109e+06
141 245 3.74679e+06
141 248 -4.79816e+06
141 249 4.077e+06
141 360 -5.37838e+06
141 361 5.22486e+06
142 45 4.77159e+06
142 47 -4.5852e+06
142 53 4.63895e+06
142 55 -5.31543e+06
142 65 5.28716e+06
142 67 -5.65898e+06
142 142 3.12142e+07
142 143 -2.86133e+07
142 246 3.74679e+06
142 247 -4.61109e+06
142 250 4.077e+06
142 251 -4.79816e+06
142 362 5.22486e+06
142 363 -5.37838e+06
143 45 -4.5852e+06
143 47 4.77159e+06
143 53 -5.31543e+06
143 55 4.63895e+06
143 65 -5.65898e+06
143 67 5.28716e+06
143 142 -2.86133e+07
143 143 3.12142e+07
143 246 -4.61109e+06
143 247 3.74679e+06
143 250 -4.79816e+06
143 251 4.077e+06
143 362 -5.37838e+06
143 363 5.22486e+06
144 144 1
145 145 1
146 146 1.84617e+07
146 149 -1.61816e+07
146 259 2.7976e+06
146 261 -3.24803e+06
146 266 2.42223e+06
146 267 -2.82121e+06
146 301 2.38415e+06
146 303 -2.74635e+06
146 318 3.15205e+06
146 319 -3.23182e+06
147 147 1
148 148 1
149 146 -1.61816e+07
149 149 1.84617e+07
149 259 -3.24803e+06
149 261 2.7976e+06
149 266 -2.82121e+06
149 267 2.42223e+06
149 301 -2.74635e+06
149 303 2.38415e+06
149 318 -3.23182e+06
149 319 3.15205e+06
150 150 1.84617e+07
150 153 -1.61816e+07
150 262 2.7976e+06
150 264 -3.24803e+06
150 268 2.42223e+06
150 269 -2.82121e+06
150 304 2.38415e+06
150 305 -2.74635e+06
150 320 3.15205e+06
150 321 -3.23182e+06
151 151 1
152 152 1
153 150 -1.61816e+07
153 153 1.84617e+07
153 262 -3.24803e+06
153 264 2.7976e+06
153 268 -2.82121e+06
153 269 2.42223e+06
153 304 -2.74635e+06
153 305 2.38415e+06
153 320 -3.23182e+06
153 321 3.15205e+06
154 154 1
155 155 1
156 122 2.42911e+06
156 125 -2.69469e+06
156 156 1.30841e+07
156 158 -1.07909e+07
156 307 1.59527e+06
156 309 -2.28627e+06
156 314 2.12989e+06
156 315 -2.51532e+06
157 157 1
158 122 -2.69469e+06
158 125 2.42911e+06
158 156 -1.07909e+07
158 158 1.30841e+07
158 307 -2.28627e+06
158 309 1.59527e+06
158 314 -2.51532e+06
158 315 2.12989e+06
159 159 1
160 128 2.42911e+06
160 131 -2.69469e+06
160 160 1.30841e+07
160 162 -1.07909e+07
160 310 1.59527e+06
160 312 -2.28627e+06
160 316 2.12989e+06
160 317 -2.51532e+06
161 161 1
162 128 -2.69469e+06
162 131 2.42911e+06
162 160 -1.07909e+07
162 162 1.30841e+07
162 310 -2.28627e+06
162 312 1.59527e+06
162 316 -2.51532e+06
162 317 2.12989e+06
163 163 1
164 2 3.27729e+06
164 5 -3.54842e+06
164 132 2.1694e+06
164 134 -2.81449e+06
164 164 2.03213e+07
164 165 -1.79521e+07
164 200 2.82436e+06
164 201 -2.83969e+06
164 388 2.57544e+06
164 389 -3.22778e+06
165 2 -3.54842e+06
165 5 3.27729e+06
165 132 -2.81449e+06
165 134 2.1694e+06
165 164 -1.79521e+07
165 165 2.03213e+07
165 200 -2.83969e+06
165 201 2.82436e+06
165 388 -3.22778e+06
165 389 2.57544e+06
166 8 3.27729e+06
166 11 -3.54842e+06
166 137 2.1694e+06
166 139 -2.81449e+06
166 166 2.03213e+07
166 167 -1.79521e+07
166 202 2.82436e+06
166 203 -2.83969e+06
166 390 2.57544e+06
166 391 -3.22778e+06
167 8 -3.54842e+06
167 11 3.27729e+06
167 137 -2.81449e+06
167 139 2.1694e+06
167 166 -1.79521e+07
167 167 2.03213e+07
167 202 -2.83969e+06
167 203 2.82436e+06
167 390 -3.22778e+06
167 391 2.57544e+06
168 168 1
169 169 1
170 170 1
171 171 1
172 172 1
173 173 1.51361e+07
173 174 2.65106e+06
173 176 -1.27822e+07
173 177 -3.06193e+06
173 185 2.15697e+06
173 187 -2.84327e+06
173 356 2.03507e+06
173 357 -2.60623e+06
174 173 2.65106e+06
174 174 2.68237e+07
174 176 -3.06193e+06
174 177 -2.42772e+07
174 178 2.72949e+06
174 181 -3.80833e+06
174 252 4.3793e+06
174 253 -4.5193e+06
174 256 3.85451e+06
174 257 -4.07497e+06
174 356 3.12232e+06
174 357 -3.6425e+06
175 175 1
176 173 -1.27822e+07
176 174 -3.06193e+06
176 176 1.51361e+07
176 177 2.65106e+06
176 185 -2.84327e+06
176 187 2.15697e+06
176 356 -2.60623e+06
176 357 2.03507e+06
177 173 -3.06193e+06
177 174 -2.42772e+07
177 176 2.65106e+06
177 177 2.68237e+07
177 178 -3.80833e+06
177 181 2.72949e+06
177 252 -4.5193e+06
177 253 4.3793e+06
177 256 -4.07497e+06
177 257 3.85451e+06
177 356 -3.6425e+06
177 357 3.12232e+06
178 174 2.72949e+06
178 177 -3.80833e+06
178 178 2.33903e+07
178 179 2.65106e+06
178 181 -2.08438e+07
178 182 -3.06193e+06
178 254 4.3793e+06
178 255 -4.5193e+06
178 256 3.85451e+06
178 257 -4.07497e+06
178 358 3.12232e+06
178 359 -3.6425e+06
179 178 2.65106e+06
179 179 1.51361e+07
179 181 -3.06193e+06
179 182 -1.27822e+07
179 188 2.15697e+06
179 190 -2.84327e+06
179 358 2.03507e+06
179 359 -2.60623e+06
180 180 1
181 174 -3.80833e+06
181 177 2.72949e+06
181 178 -2.08438e+07
181 179 -3.06193e+06
181 181 2.33903e+07
181 182 2.65106e+06
181 254 -4.5193e+06
181 255 4.3793e+06
181 256 -4.07497e+06
181 257 3.85451e+06
181 358 -3.6425e+06
181 359 3.12232e+06
182 178 -3.06193e+06
182 179 -1.27822e+07
182 181 2.65106e+06
182 182 1.51361e+07
182 188 -2.84327e+06
182 190 2.15697e+06
182 358 -2.60623e+06
182 359 2.03507e+06
183 183 1
184 184 1
185 72 3.78094e+06
185 74 -4.27655e+06
185 173 2.15697e+06
185 176 -2.84327e+06
185 185 2.23199e+07
185 187 -2.00446e+07
185 192 3.45467e+06
185 194 -3.93459e+06
185 356 2.92645e+06
185 357 -3.06448e+06
185 360 3.84691e+06
185 361 -4.09515e+06
186 186 1
187 72 -4.27655e+06
187 74 3.78094e+06
187 173 -2.84327e+06
187 176 2.15697e+06
187 185 -2.00446e+07
187 187 2.23199e+07
187 192 -3.93459e+06
187 194 3.45467e+06
187 356 -3.06448e+06
187 357 2.92645e+06
187 360 -4.09515e+06
187 361 3.84691e+06
188 77 3.78094e+06
188 79 -4.27655e+06
188 179 2.15697e+06
188 182 -2.84327e+06
188 188 2.23199e+07
188 190 -2.00446e+07
188 197 3.45467e+06
188 199 -3.93459e+06
188 358 2.92645e+06
188 359 -3.06448e+06
188 362 3.84691e+06
188 363 -4.09515e+06
189 189 1
190 77 -4.27655e+06
190 79 3.78094e+06
190 179 -2.84327e+06
190 182 2.15697e+06
190 188 -2.00446e+07
190 190 2.23199e+07
190 197 -3.93459e+06
190 199 3.45467e+06
190 358 -3.06448e+06
190 359 2.92645e+06
190 362 -4.09515e+06
190 363 3.84691e+06
191 191 1
192 72 3.85874e+06
192 74 -3.94208e+06
192 185 3.45467e+06
192 187 -3.93459e+06
192 192 2.23217e+07
192 194 -2.00685e+07
192 322 3.16555e+06
192 323 -3.48066e+06
192 330 3.40938e+06
192 331 -4.03385e+06
193 193 1
194 72 -3.94208e+06
194 74 3.85874e+06
194 185 -3.93459e+06
194 187 3.45467e+06
194 192 -2.00685e+07
194 194 2.23217e+07
194 322 -3.48066e+06
194 323 3.16555e+06
194 330 -4.03385e+06
194 331 3.40938e+06
195 195 1
196 196 1
197 77 3.85874e+06
197 79 -3.94208e+06
197 188 3.45467e+06
197 190 -3.93459e+06
197 197 2.23217e+07
197 199 -2.00685e+07
197 324 3.16555e+06
197 325 -3.48066e+06
197 332 3.40938e+06
197 333 -4.03385e+06
198 198 1
199 77 -3.94208e+06
199 79 3.85874e+06
199 188 -3.93459e+06
199 190 3.45467e+06
199 197 -2.00685e+07
199 199 2.23217e+07
199 324 -3.48066e+06
199 325 3.16555e+06
199 332 -4.03385e+06
199 333 3.40938e+06
200 132 2.77328e+06
200 134 -3.43606e+06
200 164 2.82436e+06
200 165 -2.83969e+06
200 200 2.7012e+07
200 201 -2.47189e+07
200 206 3.96664e+06
200 209 -4.53135e+06
200 212 4.61677e+06
200 213 -4.70633e+06
200 216 4.0579e+06
200 217 -4.45393e+06
200 377 3.23588e+06
200 379 -3.38421e+06
200 388 2.4797e+06
200 389 -2.89606e+06
201 132 -3.43606e+06
201 134 2.77328e+06
201 164 -2.83969e+06
201 165 2.82436e+06
201 200 -2.47189e+07
201 201 2.7012e+07
201 206 -4.53135e+06
201 209 3.96664e+06
201 212 -4.70633e+06
201 213 4.61677e+06
201 216 -4.45393e+06
201 217 4.0579e+06
201 377 -3.38421e+06
201 379 3.23588e+06
201 388 -2.89606e+06
201 389 2.4797e+06
202 137 2.77328e+06
202 139 -3.43606e+06
202 166 2.82436e+06
202 167 -2.83969e+06
202 202 2.7012e+07
202 203 -2.47189e+07
202 210 3.96664e+06
202 211 -4.53135e+06
202 214 4.61677e+06
202 215 -4.70633e+06
202 218 4.0579e+06
202 219 -4.45393e+06
202 380 3.23588e+06
202 382 -3.38421e+06
202 390 2.4797e+06
202 391 -2.89606e+06
203 137 -3.43606e+06
203 139 2.77328e+06
203 166 -2.83969e+06
203 167 2.82436e+06
203 202 -2.47189e+07
203 203 2.7012e+07
203 210 -4.53135e+06
203 211 3.96664e+06
203 214 -4.70633e+06
203 215 4.61677e+06
203 218 -4.45393e+06
203 219 4.0579e+06
203 380 -3.38421e+06
203 382 3.23588e+06
203 390 -2.89606e+06
203 391 2.4797e+06
204 204 2.46357e+07
204 205 3.967e+06
204 206 3.73655e+06
204 207 -2.22316e+07
204 208 -4.48626e+06
204 209 -4.42773e+06
204 210 3.73655e+06
204 211 -4.42773e+06
204 364 3.57046e+06
204 365 2.84921e+06
204 366 -3.61725e+06
204 367 -3.25809e+06
204 368 3.57046e+06
204 369 -3.61725e+06
205 204 3.967e+06
205 205 2.94456e+07
205 206 4.63055e+06
205 207 -4.48626e+06
205 208 -2.7035e+07
205 209 -4.64737e+06
205 210 4.63055e+06
205 211 -4.64737e+06
205 212 4.40428e+06
205 213 -5.00243e+06
205 214 4.40428e+06
205 215 -5.00243e+06
205 342 4.19478e+06
205 343 -4.85621e+06
206 200 3.96664e+06
206 201 -4.53135e+06
206 204 3.73655e+06
206 205 4.63055e+06
206 206 2.66382e+07
206 207 -4.42773e+06
206 208 -4.64737e+06
206 209 -2.43124e+07
206 212 4.40142e+06
206 213 -4.90261e+06
206 364 3.33236e+06
206 366 -3.67222e+06
206 377 3.46956e+06
206 379 -3.68162e+06
207 204 -2.22316e+07
207 205 -4.48626e+06
207 206 -4.42773e+06
207 207 2.46357e+07
207 208 3.967e+06
207 209 3.73655e+06
207 210 -4.42773e+06
207 211 3.73655e+06
207 364 -3.61725e+06
207 365 -3.25809e+06
207 366 3.57046e+06
207 367 2.84921e+06
207 368 -3.61725e+06
207 369 3.57046e+06
208 204 -4.48626e+06
208 205 -2.7035e+07
208 206 -4.64737e+06
208 207 3.967e+06
208 208 2.94456e+07
208 209 4.63055e+06
208 210 -4.64737e+06
208 211 4.63055e+06
208 212 -5.00243e+06
208 213 4.40428e+06
208 214 -5.00243e+06
208 215 4.40428e+06
208 342 -4.85621e+06
208 343 4.19478e+06
209 200 -4.53135e+06
209 201 3.96664e+06
209 204 -4.42773e+06
209 205 -4.64737e+06
209 206 -2.43124e+07
209 207 3.73655e+06
209 208 4.63055e+06
209 209 2.66382e+07
209 212 -4.90261e+06
209 213 4.40142e+06
209 364 -3.67222e+06
209 366 3.33236e+06
209 377 -3.68162e+06
209 379 3.46956e+06
210 202 3.96664e+06
210 203 -4.53135e+06
210 204 3.73655e+06
210 205 4.63055e+06
210 207 -4.42773e+06
210 208 -4.64737e+06
210 210 2.66382e+07
210 211 -2.43124e+07
210 214 4.40142e+06
210 215 -4.90261e+06
210 368 3.33236e+06
210 369 -3.67222e+06
210 380 3.46956e+06
210 382 -3.68162e+06
211 202 -4.53135e+06
211 203 3.96664e+06
211 204 -4.42773e+06
211 205 -4.64737e+06
211 207 3.73655e+06
211 208 4.63055e+06
211 210 -2.43124e+07
211 211 2.66382e+07
211 214 -4.90261e+06
211 215 4.40142e+06
211 368 -3.67222e+06
211 369 3.33236e+06
211 380 -3.68162e+06
211 382 3.46956e+06
212 200 4.61677e+06
212 201 -4.70633e+06
212 205 4.40428e+06
212 206 4.40142e+06
212 208 -5.00243e+06
212 209 -4.90261e+06
212 212 2.94712e+07
212 213 -2.70667e+07
212 216 4.26656e+06
212 217 -4.85614e+06
212 342 4.56745e+06
212 343 -4.52465e+06
212 344 4.00866e+06
212 345 -4.6775e+06
213 200 -4.70633e+06
213 201 4.61677e+06
213 205 -5.00243e+06
213 206 -4.90261e+06
213 208 4.40428e+06
213 209 4.40142e+06
213 212 -2.70667e+07
213 213 2.94712e+07
213 216 -4.85614e+06
213 217 4.26656e+06
213 342 -4.52465e+06
213 343 4.56745e+06
213 344 -4.6775e+06
213 345 4.00866e+06
214 202 4.61677e+06
214 203 -4.70633e+06
214 205 4.40428e+06
214 208 -5.00243e+06
214 210 4.40142e+06
214 211 -4.90261e+06
214 214 2.94712e+07
214 215 -2.70667e+07
214 218 4.26656e+06
214 219 -4.85614e+06
214 342 4.56745e+06
214 343 -4.52465e+06
214 346 4.00866e+06
214 347 -4.6775e+06
215 202 -4.70633e+06
215 203 4.61677e+06
215 205 -5.00243e+06
215 208 4.40428e+06
215 210 -4.90261e+06
215 211 4.40142e+06
215 214 -2.70667e+07
215 215 2.94712e+07
215 218 -4.85614e+06
215 219 4.26656e+06
215 342 -4.52465e+06
215 343 4.56745e+06
215 346 -4.6775e+06
215 347 4.00866e+06
216 132 4.07778e+06
216 133 4.08338e+06
216 134 -4.24644e+06
216 135 -4.63418e+06
216 200 4.0579e+06
216 201 -4.45393e+06
216 212 4.26656e+06
216 213 -4.85614e+06
216 216 2.78623e+07
216 217 -2.54705e+07
216 344 4.39176e+06
216 345 -4.34621e+06
216 348 3.79592e+06
216 349 -4.52813e+06
217 132 -4.24644e+06
217 133 -4.63418e+06
217 134 4.07778e+06
217 135 4.08338e+06
217 200 -4.45393e+06
217 201 4.0579e+06
217 212 -4.85614e+06
217 213 4.26656e+06
217 216 -2.54705e+07
217 217 2.78623e+07
217 344 -4.34621e+06
217 345 4.39176e+06
217 348 -4.52813e+06
217 349 3.79592e+06
218 136 4.08338e+06
218 137 4.07778e+06
218 138 -4.63418e+06
218 139 -4.24644e+06
218 202 4.0579e+06
218 203 -4.45393e+06
218 214 4.26656e+06
218 215 -4.85614e+06
218 218 2.78623e+07
218 219 -2.54705e+07
218 346 4.39176e+06
218 347 -4.34621e+06
218 350 3.79592e+06
218 351 -4.52813e+06
219 136 -4.63418e+06
219 137 -4.24644e+06
219 138 4.08338e+06
219 139 4.07778e+06
219 202 -4.45393e+06
219 203 4.0579e+06
219 214 -4.85614e+06
219 215 4.26656e+06
219 218 -2.54705e+07
219 219 2.78623e+07
219 346 -4.34621e+06
219 347 4.39176e+06
219 350 -4.52813e+06
219 351 3.79592e+06
220 220 2.86623e+07
220 221 4.30508e+06
220 222 4.2078e+06
220 223 -2.61666e+07
220 224 -4.97588e+06
220 225 -4.80317e+06
220 226 4.2078e+06
220 227 -4.80317e+06
220 342 3.83241e+06
220 343 -4.51853e+06
220 344 4.3908e+06
220 345 -4.36484e+06
220 346 4.3908e+06
220 347 -4.36484e+06
221 220 4.30508e+06
221 221 2.9012e+07
221 222 4.64059e+06
221 223 -4.97588e+06
221 224 -2.64456e+07
221 225 -4.58153e+06
221 226 4.64059e+06
221 227 -4.58153e+06
221 228 3.9879e+06
221 229 -4.67975e+06
221 230 3.9879e+06
221 231 -4.67975e+06
221 256 4.02807e+06
221 257 -4.65813e+06
222 220 4.2078e+06
222 221 4.64059e+06
222 222 2.87112e+07
222 223 -4.80317e+06
222 224 -4.58153e+06
222 225 -2.62064e+07
222 228 4.09864e+06
222 229 -4.77321e+06
222 232 4.13364e+06
222 233 -4.75539e+06
222 344 3.92212e+06
222 345 -4.5959e+06
222 348 4.36871e+06
222 349 -4.36705e+06
223 220 -2.61666e+07
223 221 -4.97588e+06
223 222 -4.80317e+06
223 223 2.86623e+07
223 224 4.30508e+06
223 225 4.2078e+06
223 226 -4.80317e+06
223 227 4.2078e+06
223 342 -4.51853e+06
223 343 3.83241e+06
223 344 -4.36484e+06
223 345 4.3908e+06
223 346 -4.36484e+06
223 347 4.3908e+06
224 220 -4.97588e+06
224 221 -2.64456e+07
224 222 -4.58153e+06
224 223 4.30508e+06
224 224 2.9012e+07
224 225 4.64059e+06
224 226 -4.58153e+06
224 227 4.64059e+06
224 228 -4.67975e+06
224 229 3.9879e+06
224 230 -4.67975e+06
224 231 3.9879e+06
224 256 -4.65813e+06
224 257 4.02807e+06
225 220 -4.80317e+06
225 221 -4.58153e+06
225 222 -2.62064e+07
225 223 4.2078e+06
225 224 4.64059e+06
225 225 2.87112e+07
225 228 -4.77321e+06
225 229 4.09864e+06
225 232 -4.75539e+06
225 233 4.13364e+06
225 344 -4.5959e+06
225 345 3.92212e+06
225 348 -4.36705e+06
225 349 4.36871e+06
226 220 4.2078e+06
226 221 4.64059e+06
226 223 -4.80317e+06
226 224 -4.58153e+06
226 226 2.87112e+07
226 227 -2.62064e+07
226 230 4.09864e+06
226 231 -4.77321e+06
226 234 4.13364e+06
226 235 -4.75539e+06
226 346 3.92212e+06
226 347 -4.5959e+06
226 350 4.36871e+06
226 351 -4.36705e+06
227 220 -4.80317e+06
227 221 -4.58153e+06
227 223 4.2078e+06
227 224 4.64059e+06
227 226 -2.62064e+07
227 227 2.87112e+07
227 230 -4.77321e+06
227 231 4.09864e+06
227 234 -4.75539e+06
227 235 4.13364e+06
227 346 -4.5959e+06
227 347 3.92212e+06
227 350 -4.36705e+06
227 351 4.36871e+06
228 221 3.9879e+06
228 222 4.09864e+06
228 224 -4.67975e+06
228 225 -4.77321e+06
228 228 2.85272e+07
228 229 -2.59368e+07
228 232 4.63124e+06
228 233 -4.55811e+06
228 236 4.08967e+06
228 237 -4.83943e+06
228 252 3.96479e+06
228 253 -4.57039e+06
228 256 4.30115e+06
228 257 -4.24285e+06
229 221 -4.67975e+06
229 222 -4.77321e+06
229 224 3.9879e+06
229 225 4.09864e+06
229 228 -2.59368e+07
229 229 2.85272e+07
229 232 -4.55811e+06
229 233 4.63124e+06
229 236 -4.83943e+06
229 237 4.08967e+06
229 252 -4.57039e+06
229 253 3.96479e+06
229 256 -4.24285e+06
229 257 4.30115e+06
230 221 3.9879e+06
230 224 -4.67975e+06
230 226 4.09864e+06
230 227 -4.77321e+06
230 230 2.85272e+07
230 231 -2.59368e+07
230 234 4.63124e+06
230 235 -4.55811e+06
230 238 4.08967e+06
230 239 -4.83943e+06
230 254 3.96479e+06
230 255 -4.57039e+06
230 256 4.30115e+06
230 257 -4.24285e+06
231 221 -4.67975e+06
231 224 3.9879e+06
231 226 -4.77321e+06
231 227 4.09864e+06
231 230 -2.59368e+07
231 231 2.85272e+07
231 234 -4.55811e+06
231 235 4.63124e+06
231 238 -4.83943e+06
231 239 4.08967e+06
231 254 -4.57039e+06
231 255 3.96479e+06
231 256 -4.24285e+06
231 257 4.30115e+06
232 222 4.13364e+06
232 225 -4.75539e+06
232 228 4.63124e+06
232 229 -4.55811e+06
232 232 2.85889e+07
232 233 -2.60659e+07
232 236 4.07662e+06
232 237 -4.73733e+06
232 240 3.99486e+06
232 241 -4.6792e+06
232 348 3.9973e+06
232 349 -4.63118e+06
232 352 4.39124e+06
232 353 -4.38671e+06
233 222 -4.75539e+06
233 225 4.13364e+06
233 228 -4.55811e+06
233 229 4.63124e+06
233 232 -2.60659e+07
233 233 2.85889e+07
233 236 -4.73733e+06
233 237 4.07662e+06
233 240 -4.6792e+06
233 241 3.99486e+06
233 348 -4.63118e+06
233 349 3.9973e+06
233 352 -4.38671e+06
233 353 4.39124e+06
234 226 4.13364e+06
234 227 -4.75539e+06
234 230 4.63124e+06
234 231 -4.55811e+06
234 234 2.85889e+07
234 235 -2.60659e+07
234 238 4.07662e+06
234 239 -4.73733e+06
234 242 3.99486e+06
234 243 -4.6792e+06
234 350 3.9973e+06
234 351 -4.63118e+06
234 354 4.39124e+06
234 355 -4.38671e+06
235 226 -4.75539e+06
235 227 4.13364e+06
235 230 -4.55811e+06
235 231 4.63124e+06
235 234 -2.60659e+07
235 235 2.85889e+07
235 238 -4.73733e+06
235 239 4.07662e+06
235 242 -4.6792e+06
235 243 3.99486e+06
235 350 -4.63118e+06
235 351 3.9973e+06
235 354 -4.38671e+06
235 355 4.39124e+06
236 228 4.08967e+06
236 229 -4.83943e+06
236 232 4.07662e+06
236 233 -4.73733e+06
236 236 2.86446e+07
236 237 -2.59489e+07
236 240 4.53774e+06
236 241 -4.44743e+06
236 244 3.94234e+06
236 245 -4.78153e+06
236 248 3.92144e+06
236 249 -4.57433e+06
236 252 4.48255e+06
236 253 -4.36599e+06
237 228 -4.83943e+06
237 229 4.08967e+06
237 232 -4.73733e+06
237 233 4.07662e+06
237 236 -2.59489e+07
237 237 2.86446e+07
237 240 -4.44743e+06
237 241 4.53774e+06
237 244 -4.78153e+06
237 245 3.94234e+06
237 248 -4.57433e+06
237 249 3.92144e+06
237 252 -4.36599e+06
237 253 4.48255e+06
238 230 4.08967e+06
238 231 -4.83943e+06
238 234 4.07662e+06
238 235 -4.73733e+06
238 238 2.86446e+07
238 239 -2.59489e+07
238 242 4.53774e+06
238 243 -4.44743e+06
238 246 3.94234e+06
238 247 -4.78153e+06
238 250 3.92144e+06
238 251 -4.57433e+06
238 254 4.48255e+06
238 255 -4.36599e+06
239 230 -4.83943e+06
239 231 4.08967e+06
239 234 -4.73733e+06
239 235 4.07662e+06
239 238 -2.59489e+07
239 239 2.86446e+07
239 242 -4.44743e+06
239 243 4.53774e+06
239 246 -4.78153e+06
239 247 3.94234e+06
239 250 -4.57433e+06
239 251 3.92144e+06
239 254 -4.36599e+06
239 255 4.48255e+06
240 29 4.19028e+06
240 32 -4.87671e+06
240 232 3.99486e+06
240 233 -4.6792e+06
240 236 4.53774e+06
240 237 -4.44743e+06
240 240 2.88808e+07
240 241 -2.62994e+07
240 244 4.17103e+06
240 245 -4.88053e+06
240 338 4.5026e+06
240 339 -4.47591e+06
240 352 4.0424e+06
240 353 -4.66053e+06
241 29 -4.87671e+06
241 32 4.19028e+06
241 232 -4.6792e+06
241 233 3.99486e+06
241 236 -4.44743e+06
241 237 4.53774e+06
241 240 -2.62994e+07
241 241 2.88808e+07
241 244 -4.88053e+06
241 245 4.17103e+06
241 338 -4.47591e+06
241 339 4.5026e+06
241 352 -4.66053e+06
241 353 4.0424e+06
242 35 4.19028e+06
242 38 -4.87671e+06
242 234 3.99486e+06
242 235 -4.6792e+06
242 238 4.53774e+06
242 239 -4.44743e+06
242 242 2.88808e+07
242 243 -2.62994e+07
242 246 4.17103e+06
242 247 -4.88053e+06
242 340 4.5026e+06
242 341 -4.47591e+06
242 354 4.0424e+06
242 355 -4.66053e+06
243 35 -4.87671e+06
243 38 4.19028e+06
243 234 -4.6792e+06
243 235 3.99486e+06
243 238 -4.44743e+06
243 239 4.53774e+06
243 242 -2.62994e+07
243 243 2.88808e+07
243 246 -4.88053e+06
243 247 4.17103e+06
243 340 -4.47591e+06
243 341 4.5026e+06
243 354 -4.66053e+06
243 355 4.0424e+06
244 29 4.86971e+06
244 32 -4.69919e+06
244 40 3.98427e+06
244 42 -4.81431e+06
244 140 3.74679e+06
244 141 -4.61109e+06
244 236 3.94234e+06
244 237 -4.78153e+06
244 240 4.17103e+06
244 241 -4.88053e+06
244 244 2.90923e+07
244 245 -2.61963e+07
244 248 4.51686e+06
244 249 -4.34031e+06
245 29 -4.69919e+06
245 32 4.86971e+06
245 40 -4.81431e+06
245 42 3.98427e+06
245 140 -4.61109e+06
245 141 3.74679e+06
245 236 -4.78153e+06
245 237 3.94234e+06
245 240 -4.88053e+06
245 241 4.17103e+06
245 244 -2.61963e+07
245 245 2.90923e+07
245 248 -4.34031e+06
245 249 4.51686e+06
246 35 4.86971e+06
246 38 -4.69919e+06
246 45 3.98427e+06
246 47 -4.81431e+06
246 142 3.74679e+06
