1
2
1148
-0.027908 -1.31424
0.027908 -1.31424
0 -1.27994
-0.083724 -1.31129
-0.111597 -1.27405
-0.167665 -1.30688
-0.202594 -1.27097
-0.332848 -1.28952
-0.288566 -1.26427
-0.256149 -1.30198
-0.415464 -1.27115
-0.358522 -1.28363
-0.371181 -1.24589
-0.424858 -1.22636
-0.482687 -1.23232
-0.509814 -1.22469
0.055816 -1.27699
0.111615 -1.30982
0.139623 -1.27258
0.19569 -1.3054
0.307175 -1.29541
0.281662 -1.2987
0.23754 -1.27084
0.415464 -1.27115
0.358522 -1.28363
0.314239 -1.25838
0.371181 -1.24589
0.424858 -1.22636
0.482687 -1.23232
0.509814 -1.22469
-0.055816 -1.27699
-0.027908 -1.2427
-0.0557987 -1.24123
-0.139605 -1.23681
-0.244443 -1.23641
-0.314239 -1.25838
-0.326898 -1.22064
-0.474392 -1.20579
-0.43897 -1.18688
-0.466096 -1.17925
-0.526476 -1.17336
0.027908 -1.2427
0.0836895 -1.23975
0.174551 -1.23667
0.358167 -1.21405
0.269956 -1.23313
0.326898 -1.22064
0.474392 -1.20579
0.43897 -1.18688
0.466096 -1.17925
0.526476 -1.17336
0 -1.2084
-0.0836723 -1.20398
-0.181455 -1.20225
-0.389436 -1.20745
-0.345153 -1.1822
-0.269956 -1.23313
-0.282615 -1.19538
-0.403548 -1.16797
-0.484927 -1.14508
-0.584687 -1.15031
0.111563 -1.20251
0.2164 -1.20211
0.389436 -1.20745
0.282615 -1.19538
0.403548 -1.16797
0.484927 -1.14508
0.584687 -1.15031
-0.0278907 -1.17115
-0.118466 -1.16808
-0.223304 -1.16768
-0.383456 -1.14352
-0.320787 -1.15436
-0.430674 -1.16034
-0.537163 -1.11813
0.0557815 -1.20545
0.0278907 -1.17115
0.0557815 -1.16968
0.153412 -1.16795
0.383456 -1.14352
0.352056 -1.14776
0.313884 -1.18879
0.258249 -1.16755
0.430674 -1.16034
0.537163 -1.11813
0 -1.13685
-0.0557815 -1.13391
-0.160315 -1.13351
-0.35909 -1.11568
-0.265153 -1.13312
-0.417616 -1.10381
-0.437708 -1.12826
-0.483817 -1.09194
-0.589399 -1.09118
-0.62072 -1.04163
0.0905755 -1.13378
0.195261 -1.13338
0.32769 -1.11992
0.296422 -1.12652
0.417616 -1.10381
0.437708 -1.12826
0.483817 -1.09194
0.570416 -1.11987
0.61933 -1.09684
0.62072 -1.04163
-0.0974788 -1.09935
-0.366124 -1.0836
-0.202164 -1.09895
-0.303325 -1.09209
-0.42465 -1.07173
-0.541875 -1.059
-0.605059 -1.0664
-0.664473 -0.996934
0.0278907 -1.09961
0.366124 -1.0836
0.132273 -1.09921
0.230207 -1.13325
0.272056 -1.09868
0.42465 -1.07173
0.541875 -1.059
0.575128 -1.06075
0.664473 -0.996934
-0.0278907 -1.09961
-0.034794 -1.06518
-0.404557 -1.04728
-0.341758 -1.05577
-0.139176 -1.06478
-0.244013 -1.06438
-0.482707 -1.03879
-0.575128 -1.06075
-0.590789 -1.03597
-0.5977 -1.01079
0.069588 -1.06505
0.404557 -1.04728
0.310358 -1.06001
0.139176 -1.06478
0.209068 -1.06452
0.244013 -1.06438
0.482707 -1.03879
0.5977 -1.01079
0 -1.03629
-0.069588 -1.03603
-0.373482 -1.02782
-0.310683 -1.0363
-0.174122 -1.06465
-0.203675 -1.0355
-0.522107 -1.01085
-0.624583 -0.954947
0.104382 -1.03589
0.373158 -1.05152
0.342083 -1.03206
0.268016 -1.03524
0.522107 -1.01085
0.624583 -0.954947
-0.034794 -1.00714
-0.098989 -1.00688
-0.404882 -1.02357
-0.133783 -1.03576
-0.163336 -1.00662
-0.268016 -1.03524
-0.227677 -1.00635
-0.443957 -1.01933
-0.540941 -0.95765
-0.663961 -0.910455
0.034794 -1.00714
0.404882 -1.02357
0.373807 -1.00411
0.168729 -1.03563
0.203675 -1.0355
0.227677 -1.00635
0.443957 -1.01933
0.540941 -0.95765
0.663961 -0.910455
0 -0.978256
-0.405531 -0.976163
-0.342407 -1.00835
-0.288797 -0.978276
-0.187338 -0.977471
-0.246129 -0.977211
-0.483356 -0.991383
-0.473398 -0.955053
-0.567824 -0.901803
0.064195 -0.977993
0.12839 -1.00675
0.405531 -0.976163
0.331464 -0.97934
0.157943 -0.977601
0.187338 -0.977471
0.288797 -0.978276
0.483356 -0.991383
0.473398 -0.955053
0.567824 -0.901803
-0.064195 -0.977993
-0.029401 -0.949108
-0.122997 -0.977734
-0.058802 -0.948978
-0.363188 -0.951392
-0.147 -0.948588
-0.20579 -0.948328
-0.434647 -0.93559
-0.492231 -0.901856
-0.619696 -0.868666
0.029401 -0.949108
0.088203 -0.948848
0.363188 -0.951392
0.117604 -0.948718
0.246129 -0.977211
0.20579 -0.948328
0.434647 -0.93559
0.492231 -0.901856
0.619696 -0.868666
-0.0154422 -0.906734
-0.103645 -0.906344
-0.309577 -0.920296
-0.235186 -0.948198
-0.194847 -0.919315
-0.423704 -0.905558
-0.526227 -0.859715
-0.669033 -0.860504
0.0742442 -0.906475
0.309577 -0.920296
0.235186 -0.948198
0.136056 -0.919575
0.176395 -0.948458
0.423704 -0.905558
0.526227 -0.859715
0.669033 -0.860504
0.0308845 -0.864231
0 -0.864231
-0.0602855 -0.864101
-0.394912 -0.922426
-0.341301 -0.891329
-0.255967 -0.890218
-0.154508 -0.890432
-0.441553 -0.85866
-0.580767 -0.826279
-0.630104 -0.818118
-0.669614 -0.810055
0.0896865 -0.863971
0.394912 -0.922426
0.341301 -0.891329
0.255967 -0.890218
0.194847 -0.919315
0.441553 -0.85866
0.580767 -0.826279
0.630104 -0.818118
0.669614 -0.810055
0 -0.779224
0.0463267 -0.821727
-0.0463267 -0.821727
-0.108139 -0.834828
-0.412761 -0.875527
-0.330358 -0.861298
-0.183904 -0.890302
-0.245024 -0.861205
-0.491695 -0.821276
0.154508 -0.890432
0.108139 -0.834828
0.412761 -0.875527
0.330358 -0.861298
0.183904 -0.890302
0.245024 -0.861205
0.491695 -0.821276
0.061769 -0.779224
-0.061769 -0.779224
-0.14055 -0.848059
-0.362082 -0.832331
-0.276748 -0.832239
-0.191413 -0.832146
-0.407021 -0.820221
-0.541838 -0.783893
-0.625481 -0.792943
-0.581348 -0.77583
-0.660369 -0.759705
0.09418 -0.792455
0.159002 -0.818916
0.362082 -0.832331
0.276748 -0.832239
0.191413 -0.832146
0.407021 -0.820221
0.541838 -0.783893
0.585971 -0.801005
0.620858 -0.767768
0.660369 -0.759705
-0.09418 -0.792455
-0.15216 -0.790923
-0.317226 -0.80479
-0.449771 -0.780617
-0.580518 -0.752746
0.15216 -0.790923
0.317226 -0.80479
0.449771 -0.780617
0.580518 -0.752746
0.112906 -0.7497
-0.112906 -0.7497
-0.231892 -0.804697
-0.177728 -0.776161
-0.357705 -0.777341
-0.27237 -0.777249
-0.493881 -0.745423
-0.619198 -0.721599
-0.648121 -0.686398
-0.638862 -0.6329
-0.607781 -0.671377
0.231892 -0.804697
0.177728 -0.776161
0.357705 -0.777341
0.27237 -0.777249
0.493881 -0.745423
0.619198 -0.721599
0.648121 -0.686398
0.638862 -0.6329
0.607781 -0.671377
-0.138475 -0.734938
-0.218207 -0.748712
-0.400455 -0.737737
-0.539348 -0.71464
-0.566051 -0.624693
-0.594819 -0.589403
0.138475 -0.734938
0.218207 -0.748712
0.400455 -0.737737
0.539348 -0.71464
0.566051 -0.624693
0.594819 -0.589403
-0.164043 -0.720176
-0.306007 -0.721807
-0.312849 -0.7498
-0.446753 -0.730038
-0.492221 -0.699255
-0.578858 -0.706578
-0.534969 -0.663169
-0.621274 -0.557301
-0.524321 -0.578009
0.164043 -0.720176
0.306007 -0.721807
0.312849 -0.7498
0.446753 -0.730038
0.492221 -0.699255
0.578858 -0.706578
0.534969 -0.663169
0.621274 -0.557301
0.524321 -0.578009
-0.258686 -0.721264
-0.178805 -0.694608
-0.355863 -0.683998
-0.399625 -0.714652
-0.448458 -0.668601
-0.491206 -0.632516
-0.52787 -0.606396
-0.556639 -0.571106
-0.584605 -0.527608
0.258686 -0.721264
0.178805 -0.694608
0.355863 -0.683998
0.399625 -0.714652
0.448458 -0.668601
0.491206 -0.632516
0.52787 -0.606396
0.556639 -0.571106
0.584605 -0.527608
-0.193567 -0.669039
-0.240888 -0.669583
-0.28821 -0.670126
-0.404695 -0.637947
-0.484108 -0.575742
-0.447443 -0.601862
-0.614851 -0.496105
-0.547936 -0.497915
-0.51997 -0.541413
-0.610706 -0.446905
-0.578182 -0.466412
0.193567 -0.669039
0.240888 -0.669583
0.28821 -0.670126
0.404695 -0.637947
0.484108 -0.575742
0.447443 -0.601862
0.614851 -0.496105
0.547936 -0.497915
0.51997 -0.541413
0.610706 -0.446905
0.578182 -0.466412
-0.323303 -0.657886
-0.360932 -0.607293
-0.479756 -0.539146
-0.40368 -0.571208
-0.511267 -0.468222
-0.615231 -0.423505
-0.541513 -0.436719
0.323303 -0.657886
0.360932 -0.607293
0.479756 -0.539146
0.40368 -0.571208
0.511267 -0.468222
0.615231 -0.423505
0.541513 -0.436719
0.223091 -0.617902
-0.223091 -0.617902
-0.258185 -0.605662
-0.293279 -0.593422
-0.399329 -0.534612
-0.471054 -0.465955
-0.585159 -0.395011
0.258185 -0.605662
0.293279 -0.593422
0.399329 -0.534612
0.471054 -0.465955
0.585159 -0.395011
-0.328373 -0.551657
-0.502565 -0.39503
0.328373 -0.551657
0.502565 -0.39503
0.223091 -0.558854
-0.223091 -0.558854
-0.293279 -0.563898
-0.352464 -0.497552
-0.42969 -0.464589
-0.424189 -0.428894
-0.580808 -0.358415
-0.576457 -0.32182
-0.632622 -0.316302
-0.658007 -0.268691
-0.601842 -0.274209
-0.659263 -0.199522
-0.717021 -0.176271
-0.732173 -0.148732
-0.761943 -0.0982835
-0.704452 -0.11922
-0.804772 -0.030306
-0.74728 -0.051243
-0.787656 0.0154333
-0.842069 0.0414638
0.293279 -0.563898
0.352464 -0.497552
0.42969 -0.464589
0.424189 -0.428894
0.580808 -0.358415
0.576457 -0.32182
0.632622 -0.316302
0.658007 -0.268691
0.601842 -0.274209
0.659263 -0.199522
0.717021 -0.176271
0.732173 -0.148732
0.761943 -0.0982835
0.704452 -0.11922
0.804772 -0.030306
0.74728 -0.051243
0.787656 0.0154333
0.842069 0.0414638
-0.258185 -0.51709
-0.287778 -0.498679
-0.346963 -0.461857
-0.45685 -0.357069
-0.493862 -0.321839
-0.64696 -0.140157
-0.689789 -0.07218
-0.808251 0.0642793
-0.717732 -0.029427
0.258185 -0.51709
0.287778 -0.498679
0.346963 -0.461857
0.45685 -0.357069
0.493862 -0.321839
0.64696 -0.140157
0.689789 -0.07218
0.808251 0.0642793
0.717732 -0.029427
0.223091 -0.499806
-0.223091 -0.499806
-0.282276 -0.462984
-0.341462 -0.426162
-0.415486 -0.355703
-0.545676 -0.279726
-0.603098 -0.205039
-0.518222 -0.2479
-0.575643 -0.173213
-0.632297 -0.093117
-0.858393 0.0913093
-0.758108 0.0372492
0.282276 -0.462984
0.341462 -0.426162
0.415486 -0.355703
0.545676 -0.279726
0.603098 -0.205039
0.518222 -0.2479
0.575643 -0.173213
0.632297 -0.093117
0.858393 0.0913093
0.758108 0.0372492
-0.237922 -0.455826
-0.443509 -0.287479
-0.492839 -0.213024
-0.58264 -0.0953412
-0.660241 -0.050364
-0.666471 0.0329177
-0.866556 0.116232
-0.816413 0.089202
-0.725903 0.0738338
-0.716128 0.035142
0.237922 -0.455826
0.443509 -0.287479
0.492839 -0.213024
0.58264 -0.0953412
0.660241 -0.050364
0.666471 0.0329177
0.866556 0.116232
0.816413 0.089202
0.725903 0.0738338
0.716128 0.035142
0.193567 -0.448669
-0.193567 -0.448669
-0.252752 -0.411847
-0.332472 -0.393168
-0.360495 -0.324944
-0.438746 -0.215492
-0.496167 -0.140805
-0.58887 -0.0120595
-0.835962 0.166585
-0.78582 0.139555
-0.735677 0.112526
0.252752 -0.411847
0.332472 -0.393168
0.360495 -0.324944
0.438746 -0.215492
0.496167 -0.140805
0.58887 -0.0120595
0.835962 0.166585
0.78582 0.139555
0.735677 0.112526
-0.178805 -0.4231
-0.279128 -0.353017
-0.372124 -0.254839
-0.413363 -0.180616
-0.506833 -0.05728
-0.616814 0.0306935
-0.676246 0.0716095
-0.892655 0.206769
0.178805 -0.4231
0.279128 -0.353017
0.372124 -0.254839
0.413363 -0.180616
0.506833 -0.05728
0.616814 0.0306935
0.676246 0.0716095
0.892655 0.206769
-0.243763 -0.378853
-0.164043 -0.397532
-0.351505 -0.29195
-0.270138 -0.320022
-0.367362 -0.182852
-0.420361 -0.102744
-0.517499 0.026245
-0.576931 0.067161
-0.636363 0.108077
-0.695795 0.148993
-0.803757 0.20417
-0.755227 0.189909
0.243763 -0.378853
0.164043 -0.397532
0.351505 -0.29195
0.270138 -0.320022
0.367362 -0.182852
0.420361 -0.102744
0.517499 0.026245
0.576931 0.067161
0.636363 0.108077
0.695795 0.148993
0.803757 0.20417
0.755227 0.189909
-0.203563 -0.336239
-0.285386 -0.259542
-0.346742 -0.219963
-0.347245 -0.148207
-0.437777 -0.020965
-0.859911 0.255837
0.203563 -0.336239
0.285386 -0.259542
0.346742 -0.219963
0.373018 -0.106958
0.437777 -0.020965
0.859911 0.255837
0.112905 -0.368008
0.168197 -0.362075
-0.168197 -0.362075
-0.112905 -0.368008
-0.243082 -0.274946
-0.285889 -0.187786
-0.405397 -0.0639612
-0.332281 -0.109425
-0.480019 0.0577025
-0.537226 0.0975875
-0.596658 0.138504
-0.656089 0.17942
-0.713282 0.222071
-0.911887 0.302518
-0.770474 0.264723
-0.874426 0.358083
-0.918635 0.385038
0.238928 -0.310403
0.254176 -0.249922
0.285889 -0.187786
0.306509 -0.150675
0.358054 -0.068175
0.470156 0.0220313
0.527362 0.0619162
0.596658 0.138504
0.656089 0.17942
0.713282 0.222071
0.911887 0.302518
0.770474 0.264723
0.874426 0.358083
0.918635 0.385038
-0.207717 -0.300783
-0.146783 -0.311857
0.146783 -0.311857
-0.11706 -0.332551
-0.234059 -0.215278
-0.291545 -0.111893
-0.34309 -0.0293925
-0.37547 0.0136038
-0.432676 0.0534888
-0.826628 0.316391
0.211871 -0.265326
0.222965 -0.240302
0.245153 -0.190254
0.291545 -0.111893
0.37547 0.0136038
0.432676 0.0534888
0.489882 0.0933738
0.547089 0.133259
0.826628 0.316391
-0.180661 -0.255706
0.061768 -0.338484
0.0914912 -0.31779
0.176507 -0.291162
-0.061768 -0.338484
-0.222965 -0.240302
-0.225036 -0.15561
-0.302354 -0.03186
-0.442539 0.08916
-0.499746 0.129045
-0.556952 0.16893
-0.720906 0.259478
-0.614145 0.211582
-0.778098 0.30213
-0.829931 0.366492
-0.87414 0.393446
0.225036 -0.15561
0.302354 -0.03186
0.606521 0.174175
0.663713 0.216827
0.720906 0.259478
0.778098 0.30213
0.830074 0.34881
0.87414 0.393446
-0.121295 -0.253844
-0.091572 -0.274539
0.091572 -0.274539
0.121295 -0.253844
0.180661 -0.255706
0 -0.338484
-0.162112 -0.208126
-0.213942 -0.180634
-0.235507 -0.0733767
-0.287052 0.00912325
-0.340083 0.0487665
-0.621203 0.249829
-0.678395 0.29248
-0.735588 0.335132
-0.782722 0.373783
-0.918349 0.420401
0.162112 -0.208126
0.202848 -0.205658
0.173206 -0.183102
0.235507 -0.0733767
0.340083 0.0487665
0.397289 0.0886515
0.454495 0.128536
0.511702 0.168422
0.56401 0.207177
0.621203 0.249829
0.678395 0.29248
0.735588 0.335132
0.782722 0.373783
0.918349 0.420401
0.0309647 -0.295233
0.121376 -0.210593
-0.0619295 -0.251982
-0.0308033 -0.295233
0.0001615 -0.251982
-0.143564 -0.160546
-0.168998 -0.117095
-0.220205 -0.0323935
-0.409245 0.128028
-0.466452 0.167913
-0.51876 0.206668
-0.571068 0.245424
-0.823932 0.434983
-0.915349 0.454647
0.168998 -0.117095
0.245978 0.0088565
0.823932 0.434983
0.915349 0.454647
-0.0917335 -0.188037
0.0620103 -0.208732
-0.0309647 -0.208732
-0.153696 -0.0761112
-0.257934 0.048233
-0.352039 0.088143
-0.578127 0.28367
-0.635319 0.326322
-0.682454 0.364973
-0.729588 0.403624
-0.865592 0.48671
0.102827 -0.163013
0.179131 -0.0326603
0.310964 0.0878762
0.363995 0.12752
0.421201 0.167404
0.47351 0.20616
0.525818 0.244915
0.578127 0.28367
0.635319 0.326322
0.682454 0.364973
0.729588 0.403624
0.865592 0.48671
0 -0.165481
0.0311263 -0.208732
-0.0875255 -0.12203
-0.163829 0.008323
-0.216859 0.0479662
-0.26989 0.0876095
-0.32292 0.127253
-0.375951 0.166896
-0.42826 0.205651
-0.525818 0.244915
-0.773723 0.47652
-0.907705 0.528962
0.11296 -0.078579
0.216859 0.0479662
0.773723 0.47652
0.907705 0.528962
-0.062091 -0.165481
0.0465682 -0.122297
-0.0974373 -0.035395
-0.485943 0.281975
-0.538252 0.32073
-0.583966 0.358247
-0.631101 0.396897
-0.678235 0.435548
-0.815384 0.528247
0.138395 -0.035128
0.169942 0.0470843
0.276003 0.126371
0.329034 0.166014
0.381326 0.204464
0.433635 0.24322
0.485943 0.281975
0.538252 0.32073
0.583966 0.358247
0.631101 0.396897
0.678235 0.435548
0.815384 0.528247
-0.0310455 -0.079113
0 -0.079113
-0.122872 0.008056
-0.169942 0.0470843
-0.222973 0.0867275
-0.276003 0.126371
-0.329034 0.166014
-0.381326 0.204464
-0.433635 0.24322
-0.72537 0.474199
-0.770723 0.510766
-0.812384 0.562493
-0.896199 0.588224
-0.879185 0.638254
-0.848538 0.604989
0.0720028 -0.078846
0.0819145 0.007789
0.128985 0.0468173
0.229086 0.125489
0.72537 0.474199
0.770723 0.510766
0.812384 0.562493
0.896199 0.588224
0.879185 0.638254
0.848538 0.604989
0.0155228 -0.035929
-0.0409573 0.007522
-0.0880278 0.0465503
-0.135098 0.0855785
-0.182169 0.124607
-0.235199 0.16425
-0.287492 0.202701
-0.339784 0.241151
-0.392077 0.279602
-0.444385 0.318357
-0.4901 0.355873
-0.535814 0.393389
-0.581529 0.430906
-0.628663 0.469556
-0.674017 0.506124
-0.71937 0.542691
-0.764724 0.579258
-0.864591 0.663477
-0.800877 0.621754
0.0409573 0.007522
0.176056 0.0858455
0.287492 0.202701
0.339784 0.241151
0.392077 0.279602
0.444385 0.318357
0.4901 0.355873
0.535814 0.393389
0.581529 0.430906
0.628663 0.469556
0.674017 0.506124
0.71937 0.542691
0.764724 0.579258
0.864591 0.663477
0.800877 0.621754
-0.810845 0.680449
0.0880278 0.0465503
0.135098 0.0855785
0.182169 0.124607
0.235199 0.16425
0.810845 0.680449
0 0.0440193
-0.0470705 0.0830475
-0.094141 0.122076
-0.141211 0.161104
-0.191501 0.200304
-0.243793 0.238755
-0.296086 0.277205
-0.348378 0.315655
-0.394813 0.352365
-0.440528 0.389881
-0.486242 0.427397
-0.531957 0.464914
-0.582594 0.503112
-0.627948 0.539679
-0.673301 0.576246
-0.718655 0.612814
-0.734266 0.647223
-0.807947 0.74764
0.0470705 0.0830475
0.094141 0.122076
0.141211 0.161104
0.191501 0.200304
0.243793 0.238755
0.296086 0.277205
0.348378 0.315655
0.394813 0.352365
0.440528 0.389881
0.486242 0.427397
0.531957 0.464914
0.582594 0.503112
0.627948 0.539679
0.673301 0.576246
0.718655 0.612814
0.734266 0.647223
0.807947 0.74764
-0.758826 0.680695
-0.755928 0.747886
0.758826 0.680695
0.755928 0.747886
0 0.117548
-0.0470705 0.156576
-0.0973597 0.195776
-0.147649 0.234976
-0.197938 0.274176
-0.250231 0.312627
-0.296666 0.349336
-0.343101 0.386046
-0.483603 0.462593
-0.389536 0.422755
-0.534241 0.500791
-0.584879 0.538988
-0.630232 0.575556
-0.675586 0.612123
-0.663738 0.68025
-0.679348 0.71466
-0.771569 0.797548
0.0470705 0.156576
0.0973597 0.195776
0.147649 0.234976
0.197938 0.274176
0.250231 0.312627
0.296666 0.349336
0.343101 0.386046
0.389536 0.422755
0.483603 0.462593
0.534241 0.500791
0.584879 0.538988
0.630232 0.575556
0.675586 0.612123
0.663738 0.68025
0.679348 0.71466
0.771569 0.797548
-0.386897 0.45795
-0.437535 0.496148
-0.488173 0.534346
-0.53881 0.572544
-0.587163 0.574865
-0.605058 0.645151
-0.620669 0.67956
-0.68572 0.773086
-0.71955 0.797794
0.437535 0.496148
0.488173 0.534346
0.53881 0.572544
0.587163 0.574865
0.605058 0.645151
0.620669 0.67956
0.68572 0.773086
0.71955 0.797794
0 0.191076
-0.0502893 0.230276
-0.100579 0.269476
-0.150868 0.308676
-0.199239 0.3455
-0.245674 0.38221
-0.292109 0.418919
-0.568034 0.645433
-0.614866 0.74866
-0.650611 0.797863
0.0502893 0.230276
0.100579 0.269476
0.150868 0.308676
0.199239 0.3455
0.245674 0.38221
0.292109 0.418919
0.338544 0.455629
0.568034 0.645433
0.614866 0.74866
0.650611 0.797863
-0.340116 0.489946
-0.390041 0.526584
-0.440679 0.564782
-0.491316 0.60298
-0.562231 0.714534
-0.581995 0.802717
-0.683161 0.872056
0.390041 0.526584
0.440679 0.564782
0.491316 0.60298
0.562231 0.714534
0.581995 0.802717
0.683161 0.872056
0 0.264605
-0.0502893 0.303805
-0.0986603 0.340629
-0.147031 0.377453
-0.195402 0.414277
-0.241837 0.450986
-0.497555 0.676243
-0.542894 0.776112
-0.614384 0.874517
0.0502893 0.303805
0.0986603 0.340629
0.147031 0.377453
0.195402 0.414277
0.241837 0.450986
0.291763 0.487625
0.497555 0.676243
0.542894 0.776112
0.614384 0.874517
-0.291763 0.487625
-0.34326 0.55858
-0.393185 0.595218
-0.420837 0.63379
-0.503793 0.749507
-0.510024 0.830168
-0.545769 0.879371
0.341688 0.524263
0.393185 0.595218
0.420837 0.63379
0.503793 0.749507
0.510024 0.830168
0.545769 0.879371
0 0.335872
-0.048371 0.372696
-0.193484 0.448665
-0.096742 0.40952
-0.194823 0.484457
-0.244748 0.521095
-0.294673 0.557733
-0.437968 0.711032
-0.50587 0.776394
-0.469774 0.803378
-0.477357 0.863222
-0.575739 0.935825
0.048371 0.372696
0.096742 0.40952
0.145113 0.446344
0.194823 0.484457
0.244748 0.521095
0.294673 0.557733
0.437968 0.711032
0.50587 0.776394
0.469774 0.803378
0.477357 0.863222
0.575739 0.935825
-0.096742 0.444022
-0.146452 0.482135
-0.344599 0.594372
-0.372144 0.672558
-0.46562 0.749605
-0.429525 0.776589
-0.437107 0.836433
-0.504706 0.925332
0.334078 0.633041
0.372144 0.672558
0.46562 0.749605
0.429525 0.776589
0.437107 0.836433
0.504706 0.925332
0 0.404877
-0.1975 0.55604
-0.247425 0.592679
-0.285491 0.632195
-0.389275 0.7498
-0.396857 0.809643
-0.402363 0.8426
-0.438915 0.903528
0.048371 0.441701
0.0980807 0.479814
0.14779 0.517927
0.1975 0.55604
0.247425 0.592679
0.361623 0.711227
0.389275 0.7498
0.396857 0.809643
0.438915 0.903528
-0.0497097 0.477493
-0.0994195 0.515606
-0.149129 0.553719
-0.313036 0.710381
-0.356608 0.782854
-0.373125 0.881724
-0.466264 0.965638
0.274971 0.670864
0.356608 0.782854
0.407869 0.875557
0.367619 0.848767
0.466264 0.965638
-0.198839 0.591832
-0.229814 0.669987
-0.327727 0.785503
-0.362113 0.81581
-0.338738 0.851416
-0.405106 0.943639
0 0.475661
0.0497097 0.513774
0.0994195 0.551887
0.149129 0.59
0.191748 0.63047
0.305946 0.749019
0.338738 0.851416
0.373125 0.881724
0.405106 0.943639
0 0.511942
-0.0497097 0.550055
-0.0994195 0.588167
-0.142039 0.628638
-0.26079 0.748141
-0.315364 0.887022
-0.345178 0.918317
0.222724 0.708625
0.304352 0.821109
0.315364 0.887022
0.345178 0.918317
-0.177567 0.707747
-0.259196 0.82023
-0.304352 0.821109
-0.286483 0.889671
-0.374993 0.949612
0.0497097 0.550055
0.0994195 0.588167
0.134948 0.667276
0.237415 0.783747
0.375928 0.983556
-0.0497097 0.586335
-0.0852385 0.665444
-0.192258 0.782869
-0.257602 0.89232
-0.317232 0.95491
-0.347047 0.986205
0.0426192 0.624973
0.170477 0.746385
0.235821 0.855836
0.280977 0.856714
0.287417 0.923615
0.317232 0.95491
0 0.584503
-0.0426192 0.624973
-0.127858 0.745287
-0.203746 0.856345
-0.28576 0.958843
0.0852385 0.704816
0.181965 0.819861
0.257602 0.89232
0.315575 0.990138
0 0.663247
-0.0426192 0.703718
-0.14989 0.820369
-0.223871 0.928056
0.117564 0.782279
0.193452 0.893337
0.223871 0.928056
0.254289 0.962775
-0.074945 0.781181
-0.161378 0.893846
-0.252632 0.998003
0.0426192 0.74309
0.139597 0.857362
0 0.741992
-0.0323258 0.780083
-0.0969773 0.856264
-0.190139 0.963792
0.0646515 0.818173
0.159721 0.929073
0.190139 0.963792
0.220558 0.998511
-0.0323258 0.817654
-0.128557 0.931143
0 0.779563
0.0969773 0.893835
-0.0646515 0.893315
-0.15823 1.00265
0.0323258 0.817654
0.0646515 0.855744
0.127811 0.967932
0.15823 1.00265
0 0.854706
-0.0954857 0.967413
0.0323258 0.892796
0.0639057 0.930104
-0.03158 0.929585
0.09474 1.0042
-0.06316 1.00491
0 0.930295
0.03158 0.967603
-0.03158 0.967603
0 1.00633
1
0 0 3.28186
0 1 -0.375452
0 2 -0.511609
0 3 -0.228306
0 30 -0.59573
0 31 -0.137034
0 51 -0.00502152
1 0 -0.375452
1 1 3.14193
1 2 -0.507728
1 16 -0.593599
1 17 -0.107551
1 41 -0.134648
1 51 -0.00502152
2 0 -0.511609
2 1 -0.507728
2 2 3.38292
2 3 -0.00816914
2 16 -0.389577
2 30 -0.383552
2 31 -0.842249
2 41 -0.842249
2 51 0.259709
3 0 -0.228306
3 2 -0.00816914
3 3 3.38275
3 4 -0.661431
3 5 -0.107353
3 30 -0.835568
3 31 -0.00502152
3 32 0.100843
3 52 -0.0810629
4 3 -0.661431
4 4 3.14622
4 5 -0.418795
4 6 -0.118417
4 30 -0.410053
4 32 -0.271993
4 33 -0.862245
4 52 -0.0866162
4 68 -0.00581352
4 69 -0.077354
5 3 -0.107353
5 4 -0.418795
5 5 3.15957
5 6 -0.698492
5 9 -0.0831938
5 33 -0.125205
5 52 -0.00579391
5 53 -0.0941136
6 4 -0.118417
6 5 -0.698492
6 6 2.93809
6 8 -0.0999151
6 9 -0.392265
6 33 -0.289809
6 34 -0.629035
6 53 -0.2531
6 69 -0.0227158
6 70 -0.0901426
7 7 4.42582
7 8 -0.174136
7 9 -0.0897619
7 11 -1.77151
7 35 -1.08681
8 6 -0.0999151
8 7 -0.174136
8 8 3.9431
8 9 -0.550924
8 34 -0.230549
8 35 -1.77151
8 56 -0.85749
9 5 -0.0831938
9 6 -0.392265
9 7 -0.0897619
9 8 -0.550924
9 9 3.00724
9 34 -0.108265
9 53 -0.0260202
9 56 -0.145091
10 10 3.32415
10 11 -0.460728
10 12 -0.414381
10 13 -0.736712
10 35 0.0218793
10 36 0.0190115
10 54 -0.0954047
10 55 0.00479445
11 7 -1.77151
11 10 -0.460728
11 11 4.2029
11 12 -0.672441
11 35 -0.0375174
11 36 -0.222191
11 56 0.0178971
11 57 0.0100357
12 10 -0.414381
12 11 -0.672441
12 12 3.26079
12 13 -0.290407
12 35 -0.443032
12 36 -0.377391
12 54 -0.649477
12 55 -0.26611
12 56 0.0221886
12 57 0.0223968
12 72 0.0161211
13 10 -0.736712
13 12 -0.290407
13 13 3.52548
13 14 -0.628009
13 36 0.0241408
13 37 -0.328925
13 38 -0.616908
13 54 -0.735763
13 55 0.017225
13 58 -0.170935
13 71 -0.00205069
14 13 -0.628009
14 14 3.99415
14 15 -1.01589
14 37 -1.06545
14 38 -0.00583686
15 14 -1.01589
15 15 3.62387
15 37 -0.428217
15 39 0.00596031
15 40 -0.339755
15 59 -0.0675938
15 60 -0.0206745
16 1 -0.593599
16 2 -0.389577
16 16 3.21955
16 17 -0.410889
16 18 -0.136255
16 41 -0.652496
16 42 -0.797582
16 51 -0.00816914
17 1 -0.107551
17 16 -0.410889
17 17 3.21034
17 18 -0.796455
17 19 -0.106821
17 41 -0.00871862
17 42 -0.0767707
17 61 -0.081285
18 16 -0.136255
18 17 -0.796455
18 18 3.08022
18 19 -0.390429
18 22 -0.10416
18 42 -0.412674
18 43 -0.765297
18 61 -0.128677
18 77 -0.00580381
18 78 -0.0941095
19 17 -0.106821
19 18 -0.390429
19 19 3.10021
19 21 -0.064514
19 22 -0.583957
19 43 -0.2091
19 61 -0.0140227
19 62 -0.0901465
20 20 3.79485
20 21 -1.31467
20 24 -0.61598
20 25 -0.574141
20 45 -0.19634
21 19 -0.064514
21 20 -1.31467
21 21 3.50845
21 22 -0.543261
21 24 0.0366456
21 25 -0.356723
21 45 -0.0685359
21 62 -0.0318689
22 18 -0.10416
22 19 -0.583957
22 21 -0.543261
22 22 2.92645
22 25 -0.120626
22 43 -0.271347
22 45 -0.65945
22 62 -0.200079
22 78 -0.0227158
22 82 -0.0690297
23 23 3.37394
23 24 -0.460728
23 25 0.0218793
23 26 -0.570435
23 27 -0.626361
23 44 0.244505
23 46 0.013278
23 63 -0.320919
24 20 -0.61598
24 21 0.0366456
24 23 -0.460728
24 24 3.58692
24 25 -0.377925
24 26 -0.672441
24 45 0.0518852
24 46 -0.222191
24 64 0.0100357
25 20 -0.574141
25 21 -0.356723
25 22 -0.120626
25 23 0.0218793
25 24 -0.377925
25 25 3.3293
25 26 -0.443032
25 45 -0.469522
25 46 -0.672976
25 62 0.0130859
25 64 -0.233167
25 82 0.0166804
26 23 -0.570435
26 24 -0.672441
26 25 -0.443032
26 26 3.86413
26 27 -0.444961
26 44 -1.48893
26 45 0.0221886
26 46 -0.090534
26 64 0.0124421
27 23 -0.626361
27 26 -0.444961
27 27 3.38881
27 28 -0.628009
27 44 0.121373
27 47 -0.328925
27 48 -0.616908
27 63 -0.640607
27 65 -0.170385
27 79 -0.000202314
27 80 -0.00359678
28 27 -0.628009
28 28 3.99415
28 29 -1.01589
28 47 -1.06545
28 48 -0.00583686
29 28 -1.01589
29 29 3.62387
29 47 -0.428217
29 49 0.00596031
29 50 -0.339755
29 66 -0.0675938
29 67 -0.0206745
30 0 -0.59573
30 2 -0.383552
30 3 -0.835568
30 4 -0.410053
30 30 3.64798
30 31 -0.27529
30 32 -1.13962
30 51 -0.00816914
31 0 -0.137034
31 2 -0.842249
31 3 -0.00502152
31 30 -0.27529
31 31 3.89135
31 32 -1.4733
31 51 -0.915326
31 68 -0.243131
32 3 0.100843
32 4 -0.271993
32 30 -1.13962
32 31 -1.4733
32 32 3.98907
32 33 -0.136255
32 51 -0.125731
32 52 -0.859511
32 68 0.0127439
32 85 -0.00879753
32 86 -0.0810244
33 4 -0.862245
33 5 -0.125205
33 6 -0.289809
33 32 -0.136255
33 33 2.98679
33 34 -0.0912423
33 52 -0.383308
33 53 -0.679152
33 69 -0.217704
33 86 -0.0140384
33 87 -0.0901438
34 6 -0.629035
34 8 -0.230549
34 9 -0.108265
34 33 -0.0912423
34 34 3.41789
34 35 0.0173453
34 36 0.0235714
34 53 -0.283808
34 56 -1.47254
34 57 -0.278012
34 70 -0.153821
34 87 -0.0227155
34 89 -0.0751531
35 7 -1.08681
35 8 -1.77151
35 10 0.0218793
35 11 -0.0375174
35 12 -0.443032
35 34 0.0173453
35 35 4.20495
35 36 -0.672976
35 56 -0.0470266
35 57 -0.216583
35 70 0.0142223
36 10 0.0190115
36 11 -0.222191
36 12 -0.377391
36 13 0.0241408
36 34 0.0235714
36 35 -0.672976
36 36 3.24583
36 54 -0.347442
36 55 -0.685274
36 56 -0.456043
36 57 -0.421689
36 70 0.0193275
36 72 -0.106136
36 89 -0.0530939
37 13 -0.328925
37 14 -1.06545
37 15 -0.428217
37 37 3.91288
37 38 -0.344375
37 39 -1.3365
37 40 -0.265082
37 54 -0.00694949
37 58 -0.00621017
38 13 -0.616908
38 14 -0.00583686
38 37 -0.344375
38 38 3.61941
38 39 -1.01589
38 54 -0.311291
38 55 -0.00461366
38 58 -0.240949
38 71 -0.00319444
38 73 -1.0427
39 15 0.00596031
39 37 -1.3365
39 38 -1.01589
39 39 3.99884
39 40 -0.116899
39 59 -0.933128
39 73 -0.486161
39 74 -0.0551472
40 15 -0.339755
40 37 -0.265082
40 39 -0.116899
40 40 2.87191
40 59 -0.538062
40 60 -0.189706
40 73 0.00577432
40 74 -0.429154
40 92 -0.0787457
40 93 -0.0592388
41 1 -0.134648
41 2 -0.842249
41 16 -0.652496
41 17 -0.00871862
41 41 3.52533
41 42 -0.237869
41 51 -0.908059
41 75 -0.595755
41 76 -0.136775
41 85 -0.00505578
42 16 -0.797582
42 17 -0.0767707
42 18 -0.412674
42 41 -0.237869
42 42 3.29564
42 43 -0.118789
42 51 -0.00807011
42 61 -0.727123
42 75 -0.835252
42 76 -0.00500925
42 77 0.0880731
42 95 -0.0771119
43 18 -0.765297
43 19 -0.2091
43 22 -0.271347
43 42 -0.118789
43 43 2.9031
43 45 -0.108785
43 61 -0.287417
43 62 -0.666323
43 78 -0.257205
43 95 -0.0227486
43 96 -0.0901438
44 23 0.244505
44 26 -1.48893
44 27 0.121373
44 44 4.57017
44 46 -1.27634
44 63 -1.59735
44 65 -0.0523897
44 79 -0.00751575
44 80 -0.293921
44 81 -0.155528
44 97 -0.0107086
44 98 -0.039183
45 20 -0.19634
45 21 -0.0685359
45 22 -0.65945
45 24 0.0518852
45 25 -0.469522
45 26 0.0221886
45 43 -0.108785
45 45 3.15363
45 46 -0.431058
45 62 -0.364083
45 64 -0.786773
45 82 -0.0849242
45 96 -0.0260191
46 23 0.013278
46 24 -0.222191
46 25 -0.672976
46 26 -0.090534
46 44 -1.27634
46 45 -0.431058
46 46 3.86316
46 62 0.0177831
46 64 -0.108061
46 81 -1.12608
46 82 0.0226679
47 27 -0.328925
47 28 -1.06545
47 29 -0.428217
47 47 3.91288
47 48 -0.344375
47 49 -1.3365
47 50 -0.265082
47 63 -0.00694949
47 65 -0.00621017
48 27 -0.616908
48 28 -0.00583686
48 47 -0.344375
48 48 3.61941
48 49 -1.01589
48 63 -0.314038
48 65 -0.240092
48 79 -0.000315153
48 80 -0.00560285
48 83 -1.0427
49 29 0.00596031
49 47 -1.3365
49 48 -1.01589
49 49 3.99884
49 50 -0.116899
49 66 -0.933128
49 83 -0.486161
49 84 -0.0551472
50 29 -0.339755
50 47 -0.265082
50 49 -0.116899
50 50 2.87191
50 66 -0.538062
50 67 -0.130467
50 83 0.00577432
50 84 -0.369915
50 101 -0.0787457
50 102 -0.177716
51 0 -0.00502152
51 1 -0.00502152
51 2 0.259709
51 16 -0.00816914
51 30 -0.00816914
51 31 -0.915326
51 32 -0.125731
51 41 -0.908059
51 42 -0.00807011
51 51 3.79379
51 52 -0.136664
51 68 -0.9663
51 75 -0.384097
51 76 -0.842695
51 85 0.259825
52 3 -0.0810629
52 4 -0.0866162
52 5 -0.00579391
52 32 -0.859511
52 33 -0.383308
52 51 -0.136664
52 52 3.06387
52 53 -0.104471
52 68 -0.408249
52 69 -0.766196
52 85 -0.00879921
52 86 -0.129596
52 105 -0.0936067
53 5 -0.0941136
53 6 -0.2531
53 9 -0.0260202
53 33 -0.679152
53 34 -0.283808
53 52 -0.104471
53 53 2.85748
53 57 -0.0942814
53 69 -0.271065
53 70 -0.669732
53 87 -0.268849
53 105 -0.0227479
53 107 -0.0901399
54 10 -0.0954047
54 12 -0.649477
54 13 -0.735763
54 36 -0.347442
54 37 -0.00694949
54 38 -0.311291
54 54 3.24776
54 55 -0.401478
54 57 0.0119046
54 58 -0.527867
54 71 -0.158309
54 72 -0.00487716
54 88 -0.0208078
55 10 0.00479445
55 12 -0.26611
55 13 0.017225
55 36 -0.685274
55 38 -0.00461366
55 54 -0.401478
55 55 3.29955
55 57 -0.235387
55 58 -0.269435
55 71 -0.289381
55 72 -0.985738
55 88 -0.156115
55 108 -0.0280385
56 8 -0.85749
56 9 -0.145091
56 11 0.0178971
56 12 0.0221886
56 34 -1.47254
56 35 -0.0470266
56 36 -0.456043
56 56 3.75268
56 57 -0.630515
56 70 -0.18406
57 11 0.0100357
57 12 0.0223968
57 34 -0.278012
57 35 -0.216583
57 36 -0.421689
57 53 -0.0942814
57 54 0.0119046
57 55 -0.235387
57 56 -0.630515
57 57 3.00192
57 70 -0.335968
57 72 -0.460539
57 89 -0.285439
57 107 -0.0255283
57 108 -0.0623154
58 13 -0.170935
58 37 -0.00621017
58 38 -0.240949
58 54 -0.527867
58 55 -0.269435
58 58 3.2987
58 71 -0.843068
58 72 -0.0246398
58 73 -1.04804
58 88 -0.0212246
58 90 -0.146341
59 15 -0.0675938
59 39 -0.933128
59 40 -0.538062
59 59 3.06665
59 60 -0.0605129
59 73 -0.00786869
59 74 -0.29616
59 90 -0.0319414
59 91 -0.539074
59 92 -0.479839
59 109 -0.0496026
59 110 -0.062869
60 15 -0.0206745
60 40 -0.189706
60 59 -0.0605129
60 60 3.20281
60 74 -0.393964
60 93 -0.339911
60 110 -0.06542
61 17 -0.081285
61 18 -0.128677
61 19 -0.0140227
61 42 -0.727123
61 43 -0.287417
61 61 2.98768
61 62 -0.0912469
61 75 -0.409818
61 77 -0.248752
61 78 -0.678677
61 95 -0.216703
61 113 -0.0140623
61 115 -0.0898937
62 19 -0.0901465
62 21 -0.0318689
62 22 -0.200079
62 25 0.0130859
62 43 -0.666323
62 45 -0.364083
62 46 0.0177831
62 61 -0.0912469
62 62 2.86224
62 64 -0.263978
62 78 -0.275569
62 82 -0.4421
62 96 -0.174579
62 115 -0.0227148
62 116 -0.27042
63 23 -0.320919
63 27 -0.640607
63 44 -1.59735
63 47 -0.00694949
63 48 -0.314038
63 63 3.7233
63 65 -0.591401
63 79 -0.213327
63 80 0.0348668
63 81 -0.0682572
63 97 -0.00114203
63 98 -0.00417871
64 24 0.0100357
64 25 -0.233167
64 26 0.0124421
64 45 -0.786773
64 46 -0.108061
64 62 -0.263978
64 64 3.62834
64 80 -0.0355119
64 81 -1.13349
64 82 -0.907076
64 97 -0.00970528
64 98 -0.14103
64 116 -0.0169648
64 117 -0.0150591
65 27 -0.170385
65 44 -0.0523897
65 47 -0.00621017
65 48 -0.240092
65 63 -0.591401
65 65 3.32302
65 79 -0.774193
65 80 -0.250829
65 81 -0.0431445
65 83 -1.04804
65 99 -0.146341
66 29 -0.0675938
66 49 -0.933128
66 50 -0.538062
66 66 3.06665
66 67 -0.0605129
66 83 -0.00786869
66 84 -0.29616
66 99 -0.0319414
66 100 -0.539074
66 101 -0.479839
66 118 -0.0496026
66 119 -0.062869
67 29 -0.0206745
67 50 -0.130467
67 66 -0.0605129
67 67 3.73872
67 84 -0.148623
67 102 -1.13502
67 103 0.153971
67 120 -0.0780532
68 4 -0.00581352
68 31 -0.243131
68 32 0.0127439
68 51 -0.9663
68 52 -0.408249
68 68 3.58808
68 69 -0.118912
68 85 -1.04981
68 86 -0.808605
69 4 -0.077354
69 6 -0.0227158
69 33 -0.217704
69 52 -0.766196
69 53 -0.271065
69 68 -0.118912
69 69 2.90355
69 70 -0.0912515
69 86 -0.290878
69 87 -0.679549
69 105 -0.255317
69 123 -0.0227167
69 126 -0.0898937
70 6 -0.0901426
70 34 -0.153821
70 35 0.0142223
70 36 0.0193275
70 53 -0.669732
70 56 -0.18406
70 57 -0.335968
70 69 -0.0912515
70 70 2.85275
70 72 -0.0820797
70 87 -0.275585
70 89 -0.622713
70 107 -0.268094
70 126 -0.0227148
70 127 -0.0901399
71 13 -0.00205069
71 38 -0.00319444
71 54 -0.158309
71 55 -0.289381
71 58 -0.843068
71 71 3.06461
71 72 -0.207039
71 73 -0.110389
71 88 -0.804665
71 90 -0.246595
71 91 -0.262501
71 106 -0.039373
71 108 -0.0370149
71 124 -0.061031
72 12 0.0161211
72 36 -0.106136
72 54 -0.00487716
72 55 -0.985738
72 57 -0.460539
72 58 -0.0246398
72 70 -0.0820797
72 71 -0.207039
72 72 3.04061
72 88 -0.376244
72 89 -0.407713
72 106 -0.0394122
72 108 -0.275825
72 125 -0.0441905
72 127 -0.0422939
73 38 -1.0427
73 39 -0.486161
73 40 0.00577432
73 58 -1.04804
73 59 -0.00786869
73 71 -0.110389
73 73 3.87098
73 90 0.00340389
73 91 -1.05995
73 92 -0.0719651
73 106 -0.0530852
74 39 -0.0551472
74 40 -0.429154
74 59 -0.29616
74 60 -0.393964
74 74 2.72201
74 91 -0.0476685
74 92 -0.388808
74 93 -0.318001
74 110 -0.355133
74 128 -0.0878159
74 129 -0.178139
75 41 -0.595755
75 42 -0.835252
75 51 -0.384097
75 61 -0.409818
75 75 3.64772
75 76 -0.275541
75 77 -1.13912
75 85 -0.00814158
76 41 -0.136775
76 42 -0.00500925
76 51 -0.842695
76 75 -0.275541
76 76 3.89162
76 77 -1.47281
76 85 -0.915766
76 113 -0.243016
77 18 -0.00580381
77 42 0.0880731
77 61 -0.248752
77 75 -1.13912
77 76 -1.47281
77 77 3.92282
77 78 -0.104465
77 85 -0.123873
77 95 -0.765774
77 113 -0.0482304
77 122 -0.00845133
77 132 -0.0936067
78 18 -0.0941095
78 22 -0.0227158
78 43 -0.257205
78 61 -0.678677
78 62 -0.275569
78 77 -0.104465
78 78 2.8574
78 82 -0.0912515
78 95 -0.272652
78 96 -0.72507
78 115 -0.177793
78 132 -0.0226836
78 135 -0.13521
79 27 -0.000202314
79 44 -0.00751575
79 48 -0.000315153
79 63 -0.213327
79 65 -0.774193
79 79 3.26404
79 80 -1.16433
79 81 -0.00618945
79 83 -0.110389
79 97 -0.100771
79 99 -0.334546
79 100 -0.262501
79 114 -0.188151
79 133 -0.061031
79 134 -0.0405765
80 27 -0.00359678
80 44 -0.293921
80 48 -0.00560285
80 63 0.0348668
80 64 -0.0355119
80 65 -0.250829
80 79 -1.16433
80 80 3.40772
80 81 -0.461265
80 82 -0.048361
80 97 -0.771291
80 98 -0.187244
80 114 -0.220631
81 44 -0.155528
81 46 -1.12608
81 63 -0.0682572
81 64 -1.13349
81 65 -0.0431445
81 79 -0.00618945
81 80 -0.461265
81 81 3.54388
81 82 -0.178841
81 97 -0.169397
81 98 -0.158083
81 116 -0.0231031
81 117 -0.0205078
82 22 -0.0690297
82 25 0.0166804
82 45 -0.0849242
82 46 0.0226679
82 62 -0.4421
82 64 -0.907076
82 78 -0.0912515
82 80 -0.048361
82 81 -0.178841
82 82 3.06102
82 96 -0.0485442
82 97 -0.0132169
82 98 -0.365675
82 116 -0.673906
82 117 -0.155079
82 136 -0.00966943
82 137 -0.0126945
83 48 -1.0427
83 49 -0.486161
83 50 0.00577432
83 65 -1.04804
83 66 -0.00786869
83 79 -0.110389
83 83 3.87098
83 99 0.00340389
83 100 -1.05995
83 101 -0.0719651
83 114 -0.0530852
84 49 -0.0551472
84 50 -0.369915
84 66 -0.29616
84 67 -0.148623
84 84 2.93216
84 100 -0.0476685
84 101 -0.373949
84 102 -0.924618
84 103 -0.0546358
84 119 -0.329356
84 120 -0.151253
84 138 -0.0878159
85 32 -0.00879753
85 41 -0.00505578
85 51 0.259825
85 52 -0.00879921
85 68 -1.04981
85 75 -0.00814158
85 76 -0.915766
85 77 -0.123873
85 85 3.64841
85 86 -0.23382
85 95 -0.118912
85 113 -0.708103
85 122 -0.707998
85 123 -0.00775334
85 140 -0.0113976
86 32 -0.0810244
86 33 -0.0140384
86 52 -0.129596
86 68 -0.808605
86 69 -0.290878
86 85 -0.23382
86 86 3.17028
86 87 -0.0914814
86 105 -0.596592
86 113 -0.012677
86 122 -0.781065
86 123 -0.0237555
86 141 -0.106747
87 33 -0.0901438
87 34 -0.0227155
87 53 -0.268849
87 69 -0.679549
87 70 -0.275585
87 86 -0.0914814
87 87 2.8574
87 89 -0.0912515
87 105 -0.27345
87 107 -0.589863
87 126 -0.181494
87 141 -0.0226028
87 144 -0.27042
88 54 -0.0208078
88 55 -0.156115
88 58 -0.0212246
88 71 -0.804665
88 72 -0.376244
88 88 3.16261
88 89 -0.0860773
88 90 -0.263852
88 106 -1.0087
88 108 -0.271775
88 125 -0.113392
88 143 -0.0397592
89 34 -0.0751531
89 36 -0.0530939
89 57 -0.285439
89 70 -0.622713
89 72 -0.407713
89 87 -0.0912515
89 88 -0.0860773
89 89 2.79494
89 107 -0.284799
89 108 -0.532248
89 127 -0.256311
89 143 -0.0686659
89 145 -0.0314763
90 58 -0.146341
90 59 -0.0319414
90 71 -0.246595
90 73 0.00340389
90 88 -0.263852
90 90 3.15049
90 91 -0.957995
90 92 -0.179818
90 106 -0.252923
90 109 -0.933689
90 124 -0.030291
90 128 -0.0402144
90 142 -0.0702354
91 59 -0.539074
91 71 -0.262501
91 73 -1.05995
91 74 -0.0476685
91 90 -0.957995
91 91 3.33497
91 92 -0.238722
91 109 -0.181965
91 128 -0.0470917
92 40 -0.0787457
92 59 -0.479839
92 73 -0.0719651
92 74 -0.388808
92 90 -0.179818
92 91 -0.238722
92 92 2.77826
92 93 -0.0612601
92 109 -0.192891
92 110 -0.260417
92 124 -0.138295
92 128 -0.59479
92 146 -0.0927135
93 40 -0.0592388
93 60 -0.339911
93 74 -0.318001
93 92 -0.0612601
93 93 3.30828
93 94 -0.18047
93 110 -0.157434
93 111 -0.919755
93 129 -0.670403
94 93 -0.18047
94 94 3.68214
94 111 -1.04145
94 112 -0.439092
94 130 -0.763036
94 131 -0.494512
94 147 -0.098546
95 42 -0.0771119
95 43 -0.0227486
95 61 -0.216703
95 77 -0.765774
95 78 -0.272652
95 85 -0.118912
95 95 2.90368
95 96 -0.0915161
95 113 -0.287143
95 115 -0.681114
95 132 -0.240624
95 140 -0.0226358
95 148 -0.106747
96 43 -0.0901438
96 45 -0.0260191
96 62 -0.174579
96 78 -0.72507
96 82 -0.0485442
96 95 -0.0915161
96 96 3.58619
96 115 -0.593363
96 116 -1.36272
96 117 -0.0729922
96 135 0.119596
96 136 -0.425012
96 137 -0.0958276
97 44 -0.0107086
97 63 -0.00114203
97 64 -0.00970528
97 79 -0.100771
97 80 -0.771291
97 81 -0.169397
97 82 -0.0132169
97 97 3.17807
97 98 -1.0852
97 99 -0.0879506
97 114 -0.453923
97 117 -0.13226
97 134 -0.196886
97 150 -0.0934767
97 151 -0.0521419
98 44 -0.039183
98 63 -0.00417871
98 64 -0.14103
98 80 -0.187244
98 81 -0.158083
98 82 -0.365675
98 97 -1.0852
98 98 3.23619
98 116 -0.235927
98 117 -0.801093
98 134 -0.195023
98 136 -0.0101837
98 137 -0.0133697
99 65 -0.146341
99 66 -0.0319414
99 79 -0.334546
99 83 0.00340389
99 97 -0.0879506
99 99 3.15049
99 100 -0.957995
99 101 -0.179818
99 114 -0.287487
99 118 -0.933689
99 133 -0.0190578
99 138 -0.0402144
99 149 -0.134855
100 66 -0.539074
100 79 -0.262501
100 83 -1.05995
100 84 -0.0476685
100 99 -0.957995
100 100 3.33497
100 101 -0.238722
100 118 -0.181965
100 138 -0.0470917
101 50 -0.0787457
101 66 -0.479839
101 83 -0.0719651
101 84 -0.373949
101 99 -0.179818
101 100 -0.238722
101 101 2.77826
101 102 -0.0454894
101 118 -0.192891
101 119 -0.244646
101 120 -0.0464007
101 133 -0.138295
101 138 -0.59479
101 152 -0.0927135
102 50 -0.177716
102 67 -1.13502
102 84 -0.924618
102 101 -0.0454894
102 102 3.28926
102 103 -0.538757
102 104 -0.0717675
102 119 -0.181711
102 120 -0.205426
103 67 0.153971
103 84 -0.0546358
103 102 -0.538757
103 103 3.24498
103 104 -0.325696
103 119 -0.0535627
103 120 -0.357425
103 139 -0.059334
104 102 -0.0717675
104 103 -0.325696
104 104 3.05409
104 120 -0.54479
104 121 -0.435818
104 139 -0.857613
104 152 -0.0353994
104 153 -0.098546
105 52 -0.0936067
105 53 -0.0227479
105 69 -0.255317
105 86 -0.596592
105 87 -0.27345
105 105 2.89784
105 107 -0.0915161
105 122 -0.275241
105 123 -0.167424
105 126 -0.713482
105 140 -0.000261614
105 141 -0.29019
105 154 -0.000375777
105 155 -0.117638
106 71 -0.039373
106 72 -0.0394122
106 73 -0.0530852
106 88 -1.0087
106 90 -0.252923
106 106 3.27004
106 108 -0.23866
106 109 -0.242932
106 124 -0.414091
106 125 -0.836381
106 142 -0.168037
106 143 -0.0354602
106 156 0.0590171
107 53 -0.0901399
107 57 -0.0255283
107 70 -0.268094
107 87 -0.589863
107 89 -0.284799
107 105 -0.0915161
107 107 3.06089
107 108 -0.0942863
107 126 -0.0475213
107 127 -0.590874
107 144 -0.816764
